22 0.050517 0.645228 0.066590 0.352697
27 0.114237 0.595436 0.056257 0.352697
17 0.177956 0.562241 0.061998 0.336100
27 0.238806 0.524896 0.057405 0.369295
32 0.300230 0.510373 0.056257 0.398340
6 0.356487 0.483402 0.058553 0.427386
8 0.415040 0.448133 0.051665 0.398340
3 0.466131 0.427386 0.048220 0.414938
0 0.517796 0.404564 0.050517 0.419087
20 0.567738 0.394191 0.053961 0.414938
25 0.623421 0.379668 0.048220 0.377593
1 0.671068 0.346473 0.033295 0.369295
0 0.719288 0.302905 0.047072 0.390041
2 0.769805 0.286307 0.047072 0.398340
4 0.815729 0.284232 0.042480 0.419087
9 0.858783 0.248963 0.043628 0.373444
8 0.908152 0.238589 0.045924 0.377593
