22 0.072430 0.685855 0.066978 0.338816
27 0.135903 0.687500 0.053738 0.368421
17 0.196651 0.649671 0.061526 0.417763
27 0.254673 0.628289 0.059190 0.421053
32 0.310358 0.593750 0.052181 0.417763
6 0.365265 0.587171 0.048287 0.490132
8 0.419393 0.555921 0.047508 0.500000
3 0.472741 0.534539 0.045171 0.411184
0 0.521417 0.529605 0.045950 0.440789
20 0.568925 0.516447 0.049065 0.440789
25 0.623053 0.508224 0.049844 0.457237
1 0.672118 0.476974 0.038941 0.394737
0 0.718847 0.490132 0.051402 0.427632
2 0.767523 0.485197 0.047508 0.417763
5 0.808022 0.463816 0.044393 0.421053
1 0.852804 0.430921 0.046729 0.375000
4 0.906542 0.421053 0.056075 0.375000
