22 0.037396 0.366242 0.066482 0.490446
27 0.102493 0.401274 0.060942 0.598726
17 0.169668 0.394904 0.070637 0.624204
27 0.236842 0.414013 0.060942 0.535032
32 0.303324 0.439490 0.074792 0.598726
2 0.368421 0.484076 0.055402 0.573248
8 0.427978 0.474522 0.063712 0.566879
5 0.486150 0.487261 0.055402 0.579618
0 0.545706 0.503185 0.063712 0.535032
20 0.599723 0.528662 0.055402 0.573248
25 0.657895 0.589172 0.058172 0.643312
0 0.716066 0.589172 0.058172 0.630573
6 0.771468 0.592357 0.049861 0.636943
2 0.826870 0.633758 0.055402 0.605096
1 0.873269 0.643312 0.042936 0.649682
6 0.923130 0.684713 0.056787 0.617834
1 0.973684 0.684713 0.052632 0.605096
