22 0.101841 0.498168 0.070196 0.410256
27 0.165708 0.481685 0.062140 0.377289
17 0.228999 0.492674 0.062140 0.391941
27 0.288838 0.505495 0.052934 0.388278
32 0.348101 0.518315 0.067894 0.413919
6 0.405639 0.520147 0.051784 0.380952
8 0.460299 0.510989 0.055236 0.362637
3 0.514384 0.525641 0.048331 0.384615
0 0.566168 0.543956 0.046030 0.384615
20 0.616226 0.545788 0.051784 0.388278
25 0.669735 0.538462 0.041427 0.417582
1 0.712313 0.556777 0.034522 0.380952
0 0.760069 0.560440 0.049482 0.388278
2 0.806099 0.553114 0.044879 0.380952
5 0.852129 0.589744 0.044879 0.395604
0 0.893556 0.565934 0.044879 0.296703
6 0.947066 0.589744 0.057537 0.336996
