22 0.034247 0.649351 0.054795 0.519481
27 0.085616 0.655844 0.052511 0.532468
17 0.148402 0.681818 0.059361 0.584416
27 0.203196 0.636364 0.054795 0.571429
32 0.262557 0.655844 0.059361 0.584416
2 0.320776 0.675325 0.052511 0.623377
8 0.377854 0.668831 0.052511 0.610390
5 0.436073 0.675325 0.050228 0.623377
0 0.489726 0.668831 0.057078 0.584416
20 0.547945 0.642857 0.054795 0.610390
25 0.607306 0.642857 0.059361 0.584416
0 0.670091 0.636364 0.052511 0.571429
6 0.727169 0.623377 0.052511 0.571429
2 0.780822 0.603896 0.059361 0.584416
1 0.839041 0.584416 0.052511 0.597403
7 0.898402 0.577922 0.061644 0.688312
3 0.966895 0.603896 0.066210 0.714286
