22 0.046541 0.324818 0.065409 0.379562
27 0.116352 0.341241 0.064151 0.419708
17 0.192453 0.392336 0.067925 0.397810
27 0.259119 0.414234 0.065409 0.448905
32 0.328302 0.441606 0.062893 0.416058
6 0.396226 0.476277 0.055346 0.397810
8 0.452201 0.501825 0.051572 0.390511
3 0.510063 0.521898 0.051572 0.430657
0 0.568553 0.554745 0.052830 0.423358
20 0.620126 0.571168 0.047799 0.390511
25 0.671069 0.572993 0.056604 0.372263
1 0.722642 0.631387 0.036478 0.416058
0 0.772956 0.622263 0.049057 0.383212
2 0.824528 0.656934 0.041509 0.364964
5 0.871698 0.666058 0.047799 0.383212
2 0.915094 0.697080 0.041509 0.321168
5 0.966038 0.715328 0.062893 0.394161
