22 0.144518 0.704678 0.056478 0.298246
27 0.195183 0.687135 0.051495 0.286550
17 0.244186 0.678363 0.046512 0.315789
27 0.290698 0.684211 0.043189 0.339181
32 0.343023 0.675439 0.051495 0.333333
6 0.390365 0.675439 0.043189 0.309942
8 0.433555 0.649123 0.046512 0.292398
3 0.476744 0.652047 0.043189 0.309942
0 0.523256 0.649123 0.053156 0.350877
20 0.572259 0.631579 0.044850 0.374269
25 0.615449 0.631579 0.044850 0.315789
1 0.661960 0.631579 0.038206 0.421053
0 0.705980 0.631579 0.049834 0.374269
2 0.752492 0.605263 0.039867 0.356725
5 0.794850 0.602339 0.041528 0.385965
2 0.837209 0.587719 0.039867 0.391813
3 0.890365 0.576023 0.059801 0.368421
