22 0.035363 0.538869 0.052497 0.915194
27 0.090230 0.512367 0.057237 0.975265
17 0.156398 0.507067 0.066351 0.985866
27 0.212723 0.501767 0.053591 0.996466
32 0.274335 0.501767 0.063070 0.996466
6 0.329931 0.501767 0.048852 0.996466
8 0.390266 0.505300 0.055778 0.961131
3 0.444039 0.507067 0.051768 0.985866
0 0.502005 0.507067 0.062705 0.985866
20 0.562705 0.512367 0.047029 0.975265
25 0.619577 0.522968 0.058695 0.954064
1 0.677361 0.482332 0.044477 0.915194
0 0.740795 0.501767 0.054685 0.996466
3 0.797120 0.500000 0.055778 0.950530
0 0.858731 0.494700 0.055778 0.961131
6 0.912869 0.489399 0.051768 0.971731
2 0.970288 0.494700 0.055778 0.982332
