22 0.034483 0.481884 0.062069 0.717391
27 0.094828 0.485507 0.056322 0.797101
17 0.161494 0.467391 0.067816 0.746377
27 0.228161 0.481884 0.058621 0.702899
32 0.291379 0.528986 0.067816 0.811594
2 0.353448 0.518116 0.051724 0.702899
8 0.409770 0.561594 0.056322 0.760870
5 0.472414 0.568841 0.055172 0.746377
0 0.531609 0.568841 0.049425 0.688406
20 0.582759 0.594203 0.059770 0.782609
25 0.639655 0.586957 0.054023 0.826087
0 0.697126 0.605072 0.058621 0.789855
6 0.752874 0.612319 0.052874 0.775362
2 0.808046 0.608696 0.059770 0.782609
1 0.856322 0.630435 0.034483 0.739130
7 0.910345 0.655797 0.059770 0.688406
5 0.964943 0.626812 0.051724 0.746377
