22 0.099671 0.740196 0.047776 0.500000
27 0.143328 0.740196 0.046129 0.519608
17 0.195222 0.730392 0.054366 0.500000
27 0.243822 0.715686 0.049423 0.431373
32 0.291598 0.700980 0.042834 0.539216
6 0.336903 0.681373 0.041186 0.519608
8 0.384679 0.676471 0.044481 0.549020
3 0.429160 0.647059 0.047776 0.607843
0 0.478583 0.671569 0.044481 0.578431
20 0.520593 0.642157 0.049423 0.539216
25 0.566722 0.647059 0.046129 0.568627
1 0.611203 0.612745 0.039539 0.558824
0 0.658979 0.612745 0.049423 0.637255
2 0.705107 0.602941 0.036244 0.617647
5 0.749588 0.602941 0.052718 0.578431
2 0.794893 0.573529 0.044481 0.598039
2 0.838550 0.553922 0.052718 0.480392
