22 0.168085 0.628731 0.055319 0.384328
27 0.218617 0.610075 0.050000 0.376866
17 0.278723 0.615672 0.046809 0.425373
27 0.332979 0.583955 0.053191 0.436567
32 0.385106 0.559701 0.046809 0.410448
6 0.433511 0.559701 0.052128 0.388060
8 0.483511 0.537313 0.043617 0.417910
3 0.529787 0.559701 0.040426 0.417910
0 0.570745 0.537313 0.050000 0.402985
20 0.616489 0.546642 0.043617 0.414179
25 0.661170 0.529851 0.041489 0.425373
1 0.700000 0.494403 0.038298 0.376866
0 0.742021 0.500000 0.045745 0.432836
2 0.782447 0.507463 0.035106 0.425373
5 0.819149 0.485075 0.036170 0.380597
2 0.859574 0.481343 0.040426 0.395522
0 0.913298 0.468284 0.062766 0.369403
