22 0.142283 0.583770 0.049839 0.256545
27 0.185691 0.560209 0.043408 0.251309
17 0.231511 0.565445 0.051447 0.293194
27 0.279743 0.560209 0.051447 0.314136
32 0.331190 0.570681 0.048232 0.324607
6 0.376206 0.552356 0.038585 0.256545
8 0.422026 0.573298 0.053055 0.298429
3 0.467042 0.565445 0.046624 0.293194
0 0.511254 0.565445 0.045016 0.324607
20 0.557074 0.599476 0.046624 0.371728
25 0.602090 0.554974 0.046624 0.303665
1 0.648714 0.557592 0.046624 0.308901
0 0.697749 0.599476 0.048232 0.371728
2 0.743569 0.562827 0.043408 0.319372
5 0.790193 0.547120 0.049839 0.329843
1 0.835209 0.554974 0.036977 0.314136
2 0.892283 0.586387 0.077170 0.345550
