22 0.047865 0.279412 0.059508 0.373950
27 0.109314 0.304622 0.055627 0.407563
17 0.165589 0.334034 0.054334 0.390756
27 0.225744 0.405462 0.063389 0.449580
32 0.283959 0.439076 0.050453 0.382353
1 0.337646 0.485294 0.051746 0.491597
8 0.389392 0.531513 0.049159 0.424370
8 0.442432 0.565126 0.054334 0.457983
0 0.493532 0.607143 0.047865 0.424370
20 0.540750 0.636555 0.041397 0.365546
25 0.588616 0.642857 0.054334 0.386555
0 0.639715 0.689076 0.045278 0.369748
5 0.685640 0.703782 0.041397 0.399160
0 0.732859 0.750000 0.047865 0.407563
2 0.777490 0.794118 0.038810 0.352941
5 0.817594 0.800420 0.041397 0.365546
8 0.867400 0.831933 0.055627 0.336134
