22 0.086672 0.589552 0.058872 0.417910
27 0.145953 0.582090 0.058054 0.477612
17 0.201145 0.557836 0.053966 0.466418
27 0.253475 0.542910 0.053966 0.444030
32 0.312347 0.531716 0.047424 0.488806
6 0.365495 0.554104 0.049060 0.570896
8 0.419052 0.500000 0.048242 0.552239
3 0.469747 0.486940 0.044971 0.541045
0 0.520033 0.434701 0.058872 0.466418
20 0.572363 0.470149 0.045789 0.544776
25 0.623876 0.464552 0.050695 0.548507
1 0.669256 0.410448 0.044971 0.470149
0 0.721995 0.412313 0.053966 0.481343
2 0.774325 0.427239 0.047424 0.533582
5 0.822976 0.432836 0.053148 0.522388
0 0.872445 0.365672 0.044154 0.432836
0 0.922731 0.371269 0.059689 0.458955
