22 0.042343 0.472973 0.064926 0.747748
27 0.105857 0.475225 0.059280 0.779279
17 0.177488 0.454955 0.068454 0.828829
27 0.243825 0.475225 0.062809 0.815315
32 0.307339 0.441441 0.057163 0.873874
2 0.371912 0.416667 0.053634 0.806306
8 0.434016 0.441441 0.066337 0.801802
5 0.495766 0.452703 0.057163 0.851351
0 0.552223 0.457207 0.051517 0.851351
20 0.604093 0.427928 0.052223 0.801802
25 0.660903 0.461712 0.055752 0.815315
0 0.719478 0.454955 0.052929 0.855856
6 0.773465 0.459459 0.050812 0.909910
0 0.822159 0.459459 0.042343 0.891892
4 0.875441 0.443694 0.050106 0.851351
2 0.926958 0.468468 0.045872 0.873874
0 0.976006 0.452703 0.047989 0.824324
