22 0.027767 0.532075 0.051032 0.935849
27 0.084803 0.526415 0.053283 0.947170
17 0.146717 0.515094 0.061538 0.947170
27 0.204503 0.520755 0.054034 0.958491
32 0.263415 0.520755 0.053283 0.958491
3 0.319887 0.532075 0.050657 0.935849
8 0.379362 0.520755 0.057786 0.958491
6 0.441651 0.515094 0.060038 0.969811
0 0.499625 0.549057 0.055159 0.901887
20 0.559475 0.520755 0.057036 0.958491
25 0.613508 0.503774 0.051032 0.992453
0 0.675985 0.515094 0.059662 0.969811
4 0.730582 0.509434 0.048780 0.981132
0 0.793996 0.509434 0.061538 0.981132
0 0.850469 0.509434 0.052158 0.981132
6 0.905816 0.464151 0.053283 0.913208
6 0.967917 0.515094 0.064165 0.969811
