22 0.093213 0.572314 0.060507 0.466942
27 0.144726 0.568182 0.049060 0.516529
17 0.204415 0.570248 0.060507 0.537190
27 0.257155 0.557851 0.044971 0.504132
32 0.312347 0.522727 0.052330 0.549587
6 0.368357 0.580579 0.049877 0.574380
8 0.419869 0.535124 0.053148 0.557851
3 0.468520 0.504132 0.037612 0.528926
0 0.517171 0.539256 0.048242 0.582645
20 0.562551 0.495868 0.049060 0.504132
25 0.613655 0.520661 0.054783 0.553719
1 0.662715 0.510331 0.036795 0.541322
0 0.709730 0.487603 0.042518 0.545455
2 0.753066 0.481405 0.049060 0.508264
5 0.800082 0.481405 0.046607 0.566116
0 0.843827 0.469008 0.047424 0.533058
4 0.892886 0.469008 0.053966 0.508264
