22 0.033108 0.518809 0.055536 0.843260
27 0.088644 0.471787 0.053400 0.862069
17 0.155927 0.460815 0.061232 0.821317
27 0.213777 0.485893 0.054468 0.852665
32 0.275543 0.504702 0.055536 0.952978
6 0.330545 0.495298 0.054468 0.852665
8 0.389640 0.465517 0.058740 0.893417
3 0.448736 0.509404 0.052332 0.981191
0 0.505696 0.501567 0.050908 0.996865
20 0.565860 0.514107 0.060164 0.971787
25 0.625133 0.514107 0.051976 0.971787
1 0.679423 0.471787 0.042364 0.862069
0 0.740121 0.525078 0.059096 0.949843
3 0.800107 0.504702 0.040940 0.952978
0 0.857423 0.504702 0.055892 0.990596
5 0.917942 0.520376 0.052332 0.959248
7 0.974902 0.509404 0.050196 0.962382
