22 0.040556 0.485915 0.060255 0.732394
27 0.099652 0.468310 0.060255 0.697183
17 0.169177 0.464789 0.060255 0.690141
27 0.234067 0.443662 0.053302 0.647887
32 0.299537 0.464789 0.066049 0.718310
2 0.363847 0.464789 0.055620 0.676056
8 0.423523 0.492958 0.056779 0.704225
5 0.480881 0.422535 0.057937 0.788732
0 0.541715 0.514085 0.054461 0.788732
20 0.595597 0.450704 0.048667 0.661972
25 0.652955 0.457746 0.056779 0.774648
0 0.709733 0.489437 0.052144 0.683099
6 0.763036 0.443662 0.056779 0.619718
2 0.825608 0.468310 0.056779 0.781690
2 0.877752 0.436620 0.045191 0.704225
0 0.926999 0.443662 0.046350 0.661972
1 0.976825 0.538732 0.044032 0.922535
