22 0.086717 0.526946 0.057548 0.658683
27 0.141900 0.523952 0.055183 0.682635
17 0.202010 0.528443 0.056366 0.745509
27 0.253843 0.505988 0.049665 0.700599
30 0.310012 0.498503 0.056366 0.667665
5 0.368151 0.544910 0.057548 0.694611
8 0.419984 0.553892 0.048482 0.694611
7 0.472211 0.537425 0.049665 0.709581
0 0.525818 0.547904 0.046512 0.718563
20 0.577060 0.522455 0.049665 0.649701
25 0.629484 0.574850 0.055183 0.682635
1 0.678952 0.574850 0.041387 0.754491
0 0.733149 0.570359 0.055183 0.811377
1 0.783800 0.561377 0.048482 0.727545
3 0.836224 0.592814 0.052424 0.808383
5 0.884706 0.564371 0.050059 0.871257
3 0.936342 0.565868 0.054001 0.754491
