22 0.041152 0.538922 0.074074 0.526946
27 0.110425 0.526946 0.064472 0.538922
17 0.175583 0.517964 0.068587 0.532934
27 0.244170 0.544910 0.057613 0.562874
32 0.306584 0.529940 0.078189 0.544910
2 0.375857 0.535928 0.054870 0.520958
8 0.433471 0.550898 0.060357 0.538922
5 0.493141 0.541916 0.058985 0.520958
0 0.550754 0.556886 0.058985 0.526946
20 0.606310 0.559880 0.052126 0.532934
25 0.662551 0.574850 0.057613 0.550898
0 0.719479 0.559880 0.056241 0.532934
6 0.771605 0.589820 0.050754 0.532934
2 0.828532 0.601796 0.052126 0.544910
1 0.877229 0.592814 0.042524 0.610778
5 0.927298 0.601796 0.043896 0.628743
5 0.974623 0.574850 0.050754 0.586826
