22 0.039267 0.546703 0.064572 0.598901
27 0.101658 0.535714 0.060209 0.642857
17 0.167103 0.521978 0.065445 0.648352
27 0.230366 0.500000 0.054101 0.615385
32 0.291885 0.505495 0.061955 0.648352
2 0.357766 0.516484 0.055846 0.692308
8 0.416230 0.500000 0.062827 0.615385
5 0.476876 0.502747 0.061955 0.587912
0 0.537086 0.524725 0.054974 0.675824
20 0.592059 0.500000 0.056719 0.615385
25 0.646161 0.486264 0.056719 0.686813
0 0.705061 0.472527 0.057592 0.725275
6 0.761344 0.519231 0.046248 0.675824
2 0.815009 0.500000 0.057592 0.637363
1 0.873473 0.513736 0.047120 0.763736
6 0.927138 0.500000 0.058464 0.725275
1 0.980366 0.491758 0.039267 0.796703
