22 0.136486 0.550926 0.048649 0.305556
27 0.179730 0.546296 0.045946 0.296296
17 0.229730 0.525463 0.045946 0.273148
27 0.274324 0.527778 0.048649 0.305556
30 0.321622 0.539352 0.045946 0.375000
5 0.366892 0.520833 0.036486 0.328704
8 0.412162 0.520833 0.051351 0.310185
7 0.458784 0.497685 0.041892 0.310185
0 0.502027 0.502315 0.039189 0.291667
20 0.543243 0.523148 0.045946 0.333333
25 0.589189 0.502315 0.045946 0.300926
1 0.639189 0.506944 0.043243 0.328704
0 0.683108 0.504630 0.047297 0.342593
1 0.723649 0.497685 0.033784 0.337963
3 0.768919 0.488426 0.048649 0.328704
7 0.815541 0.488426 0.039189 0.356481
1 0.860135 0.502315 0.047297 0.347222
