22 0.088235 0.586387 0.051693 0.272251
27 0.137255 0.565445 0.053476 0.240838
17 0.188948 0.560209 0.057041 0.251309
27 0.239750 0.549738 0.044563 0.240838
32 0.289661 0.560209 0.051693 0.272251
6 0.339572 0.528796 0.044563 0.240838
8 0.388592 0.544503 0.049911 0.282723
3 0.436720 0.544503 0.046346 0.282723
0 0.484848 0.531414 0.053476 0.246073
20 0.533868 0.549738 0.044563 0.282723
25 0.583779 0.544503 0.048128 0.293194
1 0.623886 0.523560 0.028520 0.303665
0 0.676471 0.520942 0.048128 0.287958
2 0.723708 0.518325 0.046346 0.261780
5 0.770053 0.502618 0.046346 0.324607
1 0.819073 0.500000 0.044563 0.329843
0 0.864528 0.510471 0.046346 0.350785
