22 0.040021 0.468992 0.065489 0.875969
27 0.099792 0.422481 0.058212 0.813953
17 0.167879 0.437984 0.061331 0.813953
27 0.230249 0.441860 0.063410 0.868217
32 0.293659 0.437984 0.057173 0.860465
2 0.352391 0.434109 0.056133 0.852713
8 0.412162 0.445736 0.059252 0.844961
5 0.471414 0.468992 0.057173 0.875969
0 0.530665 0.430233 0.053015 0.829457
20 0.585759 0.453488 0.048857 0.891473
25 0.642931 0.476744 0.065489 0.891473
0 0.699584 0.383721 0.047817 0.705426
6 0.754158 0.457364 0.046778 0.806202
2 0.811331 0.403101 0.055094 0.744186
1 0.864865 0.441860 0.043659 0.821705
9 0.922037 0.461240 0.047817 0.860465
7 0.971933 0.406977 0.051975 0.767442
