22 0.034649 0.457692 0.057748 0.807692
27 0.098653 0.465385 0.056785 0.869231
17 0.163138 0.430769 0.064485 0.815385
27 0.226179 0.480769 0.059673 0.853846
32 0.292589 0.503846 0.055823 0.930769
2 0.349856 0.503846 0.051011 0.884615
8 0.411453 0.496154 0.058710 0.853846
5 0.470164 0.488462 0.052936 0.900000
0 0.528874 0.503846 0.058710 0.884615
20 0.584697 0.507692 0.049086 0.907692
25 0.641001 0.519231 0.057748 0.961538
0 0.698749 0.476923 0.053898 0.876923
6 0.753609 0.515385 0.048123 0.969231
2 0.813763 0.526923 0.054860 0.930769
1 0.864293 0.488462 0.048123 0.930769
9 0.919153 0.500000 0.059673 0.938462
5 0.975938 0.480769 0.048123 0.823077
