22 0.157861 0.565714 0.050258 0.297143
27 0.202320 0.554286 0.043814 0.365714
17 0.260309 0.565714 0.048969 0.331429
27 0.307990 0.580000 0.043814 0.382857
30 0.357603 0.574286 0.047680 0.417143
5 0.403995 0.554286 0.042526 0.377143
8 0.450387 0.565714 0.045103 0.434286
7 0.496778 0.585714 0.045103 0.474286
0 0.543170 0.568571 0.047680 0.394286
20 0.588918 0.574286 0.043814 0.417143
25 0.635954 0.551429 0.050258 0.405714
1 0.677835 0.562857 0.036082 0.428571
0 0.722938 0.537143 0.048969 0.388571
1 0.766753 0.554286 0.043814 0.400000
3 0.813789 0.560000 0.050258 0.445714
7 0.859536 0.542857 0.043814 0.422857
1 0.896263 0.531429 0.037371 0.365714
