22 0.101536 0.477974 0.049488 0.207048
27 0.147611 0.477974 0.039249 0.224670
17 0.195392 0.473568 0.049488 0.242291
27 0.245734 0.504405 0.047782 0.242291
32 0.292662 0.482379 0.046075 0.215859
6 0.337884 0.504405 0.040956 0.224670
8 0.380546 0.502203 0.047782 0.237885
3 0.428328 0.493392 0.051195 0.220264
0 0.475256 0.508811 0.042662 0.268722
20 0.524744 0.524229 0.052901 0.246696
25 0.571672 0.524229 0.044369 0.264317
1 0.617747 0.522026 0.034130 0.277533
0 0.665529 0.535242 0.051195 0.259912
2 0.714164 0.539648 0.042662 0.295154
5 0.762799 0.528634 0.044369 0.255507
0 0.809727 0.535242 0.049488 0.268722
8 0.861775 0.528634 0.061433 0.273128
