22 0.033826 0.515625 0.060783 0.843750
27 0.088771 0.493750 0.053915 0.843750
17 0.153503 0.489063 0.057005 0.915625
27 0.213599 0.515625 0.056319 0.968750
30 0.271635 0.509375 0.055632 0.981250
5 0.331559 0.462500 0.055975 0.906250
8 0.392857 0.482812 0.061813 0.884375
9 0.451065 0.490625 0.045673 0.975000
0 0.504121 0.495312 0.056319 0.984375
20 0.562157 0.515625 0.054945 0.968750
25 0.620192 0.515625 0.056319 0.968750
1 0.673420 0.504687 0.037088 0.990625
0 0.741415 0.485938 0.051511 0.965625
2 0.805460 0.504687 0.053915 0.990625
3 0.856971 0.489063 0.049107 0.959375
3 0.912431 0.509375 0.059753 0.956250
3 0.972184 0.501563 0.055632 0.921875
