22 0.133712 0.541436 0.053485 0.320442
27 0.179092 0.505525 0.043760 0.270718
17 0.223663 0.524862 0.045381 0.309392
27 0.268233 0.513812 0.043760 0.298343
32 0.313614 0.513812 0.040519 0.243094
6 0.357374 0.530387 0.043760 0.276243
8 0.401135 0.535912 0.047002 0.287293
3 0.445705 0.538674 0.038898 0.314917
0 0.484603 0.533149 0.042139 0.292818
20 0.528363 0.538674 0.045381 0.292818
25 0.573744 0.541436 0.048622 0.298343
1 0.615883 0.546961 0.032415 0.353591
0 0.660454 0.538674 0.043760 0.337017
2 0.708266 0.563536 0.042139 0.309392
5 0.755267 0.588398 0.051864 0.381215
1 0.793355 0.571823 0.034036 0.359116
4 0.847650 0.560773 0.058347 0.337017
