22 0.033207 0.560201 0.051885 0.879599
27 0.089242 0.535117 0.056728 0.916388
17 0.148910 0.543478 0.055690 0.913043
27 0.208059 0.516722 0.055690 0.966555
30 0.270668 0.501672 0.053615 0.916388
5 0.331892 0.469900 0.057765 0.852843
8 0.388620 0.521739 0.052923 0.956522
9 0.447942 0.523411 0.051193 0.939799
0 0.504324 0.521739 0.059495 0.956522
20 0.564338 0.511706 0.052231 0.976589
25 0.625216 0.501672 0.057765 0.996656
1 0.680560 0.523411 0.039087 0.939799
0 0.737980 0.441472 0.055690 0.862876
2 0.800588 0.508361 0.055690 0.949833
3 0.858008 0.484950 0.057074 0.949833
3 0.916638 0.508361 0.051193 0.969900
3 0.976306 0.513378 0.046005 0.959866
