22 0.907680 0.580169 0.062599 0.772152
5 0.045502 0.489451 0.055234 0.607595
0 0.099158 0.535865 0.045765 0.683544
0 0.149132 0.508439 0.044713 0.662447
0 0.206207 0.508439 0.053656 0.611814
1 0.258285 0.533755 0.032614 0.662447
0 0.308522 0.556962 0.057338 0.725738
25 0.367175 0.569620 0.051552 0.734177
20 0.422672 0.542194 0.055234 0.755274
0 0.470279 0.561181 0.042083 0.683544
5 0.522094 0.565401 0.061547 0.708861
6 0.576539 0.584388 0.051552 0.746835
1 0.630458 0.573840 0.044713 0.725738
31 0.687796 0.607595 0.049974 0.776371
12 0.738296 0.580169 0.049974 0.805907
17 0.798001 0.571730 0.053656 0.755274
27 0.853761 0.588608 0.046291 0.822785
