22 0.033907 0.398026 0.059203 0.611842
27 0.095264 0.388158 0.054898 0.592105
17 0.160388 0.371711 0.064586 0.638158
27 0.223897 0.381579 0.058127 0.552632
32 0.291712 0.404605 0.064586 0.611842
2 0.355221 0.398026 0.053821 0.611842
8 0.412809 0.411184 0.050592 0.690789
5 0.467707 0.411184 0.061356 0.690789
0 0.530140 0.421053 0.054898 0.631579
20 0.587191 0.417763 0.054898 0.664474
25 0.644779 0.417763 0.053821 0.651316
0 0.701292 0.447368 0.052745 0.776316
6 0.759957 0.457237 0.055974 0.625000
2 0.817008 0.480263 0.047363 0.657895
1 0.872443 0.467105 0.054898 0.710526
9 0.928418 0.500000 0.052745 0.815789
1 0.979010 0.486842 0.039828 0.776316
