22 0.116364 0.448529 0.050909 0.323529
27 0.168182 0.452206 0.049091 0.345588
17 0.220000 0.452206 0.043636 0.360294
27 0.265455 0.441176 0.050909 0.338235
32 0.320909 0.433824 0.049091 0.352941
6 0.374545 0.448529 0.050909 0.411765
8 0.425455 0.441176 0.043636 0.367647
3 0.470000 0.441176 0.052727 0.367647
0 0.521818 0.437500 0.050909 0.419118
20 0.566364 0.430147 0.041818 0.404412
25 0.618182 0.444853 0.054545 0.433824
1 0.662727 0.426471 0.034545 0.411765
0 0.713636 0.430147 0.052727 0.404412
2 0.763636 0.455882 0.043636 0.411765
5 0.808182 0.455882 0.049091 0.411765
2 0.855455 0.441176 0.049091 0.441176
0 0.904545 0.422794 0.060000 0.419118
