22 0.037762 0.549383 0.054962 0.901235
27 0.094306 0.528807 0.053381 0.925926
17 0.154804 0.528807 0.058917 0.884774
27 0.210755 0.506173 0.055358 0.905350
32 0.271649 0.516461 0.055358 0.950617
6 0.329379 0.508230 0.041914 0.983539
8 0.387900 0.516461 0.055358 0.925926
3 0.446224 0.506173 0.051799 0.930041
0 0.503163 0.532922 0.050217 0.934156
20 0.561091 0.514403 0.053776 0.971193
25 0.619612 0.516461 0.052985 0.925926
1 0.673784 0.514403 0.037169 0.971193
0 0.736457 0.516461 0.054172 0.950617
3 0.796560 0.532922 0.054172 0.934156
0 0.855279 0.506173 0.049822 0.880658
5 0.911032 0.487654 0.057730 0.942387
8 0.973903 0.508230 0.052195 0.909465
