22 0.155255 0.602410 0.049363 0.277108
27 0.199841 0.587349 0.036624 0.271084
17 0.245223 0.587349 0.044586 0.283133
27 0.289809 0.578313 0.038217 0.265060
32 0.335987 0.587349 0.050955 0.283133
1 0.378981 0.602410 0.031847 0.325301
8 0.421975 0.602410 0.044586 0.313253
8 0.463376 0.605422 0.041401 0.331325
0 0.507962 0.608434 0.044586 0.349398
20 0.545382 0.596386 0.036624 0.337349
25 0.587580 0.584337 0.041401 0.337349
0 0.630573 0.602410 0.044586 0.313253
5 0.675159 0.590361 0.041401 0.301205
0 0.717357 0.593373 0.042994 0.319277
2 0.760350 0.590361 0.039809 0.337349
5 0.797771 0.572289 0.041401 0.301205
8 0.842357 0.584337 0.050955 0.289157
