22 0.035669 0.665877 0.068790 0.440758
27 0.103185 0.663507 0.066242 0.426540
17 0.171338 0.649289 0.067516 0.454976
27 0.240127 0.656398 0.064968 0.478673
32 0.307643 0.630332 0.062420 0.417062
2 0.368790 0.635071 0.062420 0.464455
8 0.430573 0.618483 0.053503 0.421801
5 0.486624 0.623223 0.066242 0.431280
0 0.548408 0.604265 0.054777 0.459716
20 0.603822 0.609005 0.056051 0.440758
25 0.656688 0.578199 0.057325 0.417062
0 0.715287 0.587678 0.064968 0.436019
6 0.775159 0.580569 0.054777 0.431280
2 0.831210 0.592417 0.059873 0.454976
1 0.875159 0.573460 0.033121 0.454976
5 0.925478 0.566351 0.059873 0.459716
1 0.974522 0.592417 0.038217 0.473934
