22 0.035703 0.634667 0.054115 0.730667
27 0.091419 0.625333 0.057957 0.749333
17 0.152898 0.584000 0.068844 0.778667
27 0.213417 0.601333 0.057317 0.797333
30 0.277778 0.573333 0.057957 0.853333
5 0.336215 0.577333 0.060199 0.845333
8 0.393692 0.514667 0.054115 0.965333
9 0.451329 0.525333 0.050272 0.949333
0 0.507525 0.524000 0.062120 0.946667
20 0.565482 0.525333 0.056996 0.949333
25 0.623439 0.518667 0.053794 0.957333
1 0.681236 0.508000 0.054755 0.952000
0 0.743996 0.516000 0.056676 0.968000
2 0.799552 0.456000 0.058277 0.848000
3 0.856868 0.484000 0.058277 0.888000
4 0.913385 0.460000 0.054755 0.877333
5 0.971021 0.464000 0.057957 0.922667
