22 0.036458 0.603604 0.060417 0.396396
27 0.095833 0.594595 0.054167 0.432432
17 0.158333 0.567568 0.058333 0.360360
27 0.216667 0.567568 0.058333 0.450450
32 0.279167 0.563063 0.066667 0.423423
2 0.343750 0.567568 0.054167 0.432432
8 0.397917 0.563063 0.050000 0.513514
5 0.456250 0.518018 0.054167 0.459459
0 0.515625 0.500000 0.060417 0.423423
20 0.571875 0.509009 0.056250 0.477477
25 0.636458 0.509009 0.064583 0.477477
0 0.689583 0.481982 0.050000 0.441441
6 0.744792 0.463964 0.060417 0.477477
2 0.805208 0.468468 0.060417 0.432432
1 0.856250 0.441441 0.041667 0.432432
8 0.914583 0.450450 0.058333 0.522523
5 0.965625 0.423423 0.056250 0.468468
