22 0.032839 0.337349 0.052966 0.240964
27 0.090042 0.343373 0.057203 0.253012
17 0.147246 0.337349 0.065678 0.277108
27 0.204449 0.337349 0.052966 0.265060
32 0.262712 0.340361 0.059322 0.271084
2 0.323093 0.358434 0.048729 0.331325
8 0.380297 0.352410 0.061441 0.331325
5 0.439619 0.349398 0.057203 0.301205
0 0.496822 0.352410 0.052966 0.307229
20 0.551907 0.349398 0.057203 0.301205
25 0.610169 0.355422 0.055085 0.301205
0 0.671610 0.364458 0.055085 0.319277
6 0.728814 0.382530 0.059322 0.331325
2 0.789195 0.373494 0.061441 0.301205
1 0.846398 0.379518 0.048729 0.337349
8 0.906780 0.391566 0.059322 0.349398
9 0.966102 0.391566 0.063559 0.385542
