22 0.143130 0.622581 0.052163 0.354839
27 0.193384 0.641935 0.048346 0.393548
17 0.241094 0.587097 0.041985 0.348387
27 0.288168 0.593548 0.044529 0.425806
30 0.333333 0.564516 0.043257 0.406452
5 0.376590 0.583871 0.040712 0.458065
8 0.424300 0.561290 0.047074 0.425806
7 0.466921 0.577419 0.038168 0.470968
0 0.512723 0.567742 0.048346 0.425806
20 0.558524 0.545161 0.045802 0.419355
25 0.604962 0.545161 0.039440 0.483871
1 0.649491 0.545161 0.031807 0.535484
0 0.700382 0.529032 0.049618 0.477419
1 0.744275 0.493548 0.033079 0.458065
3 0.791985 0.509677 0.039440 0.464516
5 0.832697 0.461290 0.044529 0.406452
7 0.884860 0.503226 0.057252 0.529032
