22 0.113766 0.745856 0.047789 0.508287
27 0.160842 0.732044 0.043509 0.535912
17 0.206491 0.685083 0.050642 0.563536
27 0.249643 0.687845 0.045649 0.569061
30 0.296006 0.649171 0.051355 0.580110
5 0.347361 0.616022 0.044223 0.524862
8 0.396576 0.621547 0.047076 0.613260
7 0.442225 0.604972 0.042796 0.679558
0 0.491441 0.588398 0.055635 0.668508
20 0.545292 0.577348 0.050642 0.624309
25 0.591655 0.530387 0.049215 0.629834
1 0.645506 0.516575 0.041369 0.745856
0 0.701854 0.505525 0.051355 0.812155
1 0.751427 0.500000 0.050642 0.812155
3 0.809201 0.491713 0.054922 0.795580
7 0.863766 0.406077 0.057061 0.734807
7 0.924037 0.458564 0.063481 0.784530
