22 0.069848 0.557252 0.068900 0.648855
27 0.136536 0.545802 0.064475 0.641221
17 0.206384 0.566794 0.066372 0.667939
27 0.270544 0.555344 0.061947 0.614504
30 0.331542 0.534351 0.062579 0.625954
5 0.393173 0.547710 0.063211 0.683206
8 0.454488 0.513359 0.055626 0.652672
7 0.508850 0.513359 0.050569 0.683206
0 0.560683 0.509542 0.050569 0.645038
20 0.611568 0.513359 0.046144 0.629771
25 0.661820 0.486641 0.054362 0.614504
1 0.709861 0.492366 0.039191 0.572519
0 0.759482 0.532443 0.048673 0.667939
1 0.804678 0.520992 0.032870 0.652672
3 0.844501 0.482824 0.045512 0.660305
5 0.888748 0.482824 0.045512 0.660305
5 0.937105 0.494275 0.049937 0.667939
