22 0.027708 0.504975 0.047859 0.373134
27 0.071788 0.509950 0.045340 0.363184
17 0.128463 0.504975 0.060453 0.393035
27 0.183249 0.495025 0.049118 0.402985
32 0.236146 0.497512 0.059194 0.388060
2 0.294710 0.504975 0.057935 0.402985
8 0.351385 0.509950 0.050378 0.422886
5 0.407431 0.480100 0.051637 0.422886
0 0.462846 0.500000 0.061713 0.452736
20 0.523300 0.487562 0.059194 0.427861
25 0.583123 0.485075 0.060453 0.452736
0 0.644207 0.480100 0.061713 0.442786
6 0.705290 0.465174 0.062972 0.472637
2 0.769521 0.455224 0.060453 0.432836
1 0.829975 0.455224 0.045340 0.442786
5 0.896096 0.457711 0.069270 0.537313
3 0.967884 0.430348 0.064232 0.522388
