22 0.034424 0.539216 0.057562 0.620915
27 0.094244 0.539216 0.059819 0.620915
17 0.166479 0.529412 0.068849 0.627451
27 0.230248 0.526144 0.056433 0.607843
32 0.293454 0.522876 0.069977 0.601307
2 0.357788 0.493464 0.054176 0.594771
8 0.415350 0.486928 0.056433 0.581699
5 0.479684 0.477124 0.060948 0.562092
0 0.537246 0.454248 0.049661 0.516340
20 0.593679 0.467320 0.054176 0.607843
25 0.652370 0.447712 0.054176 0.581699
0 0.709932 0.441176 0.058691 0.568627
6 0.762415 0.421569 0.050790 0.607843
2 0.818849 0.421569 0.053047 0.620915
1 0.872460 0.418301 0.047404 0.627451
9 0.923815 0.473856 0.053047 0.751634
9 0.975734 0.408497 0.048533 0.686275
