22 0.057223 0.473498 0.053036 0.473498
27 0.108863 0.459364 0.057223 0.487633
17 0.169225 0.464664 0.056525 0.491166
27 0.224006 0.445230 0.050244 0.473498
30 0.279484 0.464664 0.053733 0.477032
5 0.333566 0.462898 0.054431 0.438163
8 0.387648 0.485866 0.052338 0.484099
7 0.444522 0.475265 0.060014 0.455830
0 0.498604 0.466431 0.050942 0.501767
20 0.548151 0.473498 0.043964 0.508834
25 0.604327 0.484099 0.053036 0.494700
1 0.660502 0.500000 0.039777 0.477032
0 0.715632 0.494700 0.055129 0.593640
1 0.764480 0.505300 0.038381 0.593640
3 0.823796 0.505300 0.055129 0.501767
5 0.878925 0.538869 0.057920 0.660777
5 0.938241 0.501767 0.056525 0.565371
