22 0.085474 0.475225 0.050395 0.463964
27 0.131917 0.466216 0.050395 0.400901
17 0.182312 0.477477 0.048419 0.477477
27 0.231225 0.459459 0.049407 0.549550
32 0.278162 0.493243 0.044466 0.490991
1 0.321640 0.488739 0.044466 0.500000
8 0.374012 0.506757 0.060277 0.518018
8 0.424901 0.495495 0.047431 0.549550
0 0.474802 0.504505 0.056324 0.576577
20 0.525198 0.497748 0.056324 0.572072
25 0.581028 0.520270 0.049407 0.509009
0 0.634881 0.536036 0.056324 0.513514
5 0.693182 0.540541 0.058300 0.540541
0 0.750988 0.522523 0.059289 0.495495
2 0.807806 0.556306 0.060277 0.599099
5 0.866107 0.536036 0.062253 0.603604
0 0.934783 0.554054 0.067194 0.630631
