22 0.061368 0.550926 0.051308 0.459877
27 0.112425 0.587963 0.055835 0.533951
17 0.170775 0.566358 0.057847 0.478395
27 0.229376 0.587963 0.057344 0.478395
30 0.283199 0.591049 0.048290 0.503086
5 0.335513 0.591049 0.052314 0.515432
8 0.388330 0.580247 0.050302 0.481481
7 0.444668 0.604938 0.049296 0.543210
0 0.495473 0.580247 0.043260 0.537037
20 0.549044 0.608025 0.045775 0.481481
25 0.600604 0.603395 0.052314 0.583333
1 0.656439 0.635802 0.041247 0.617284
0 0.708501 0.646605 0.057847 0.595679
1 0.759809 0.658951 0.033702 0.651235
3 0.806338 0.621914 0.050302 0.521605
5 0.860412 0.649691 0.055835 0.657407
3 0.918511 0.625000 0.058350 0.651235
