22 0.031493 0.550877 0.053079 0.898246
27 0.086872 0.528070 0.052017 0.943860
17 0.149858 0.507018 0.054848 0.929825
27 0.210899 0.508772 0.053786 0.905263
32 0.271762 0.485965 0.050248 0.859649
1 0.329972 0.501754 0.045648 0.849123
8 0.388004 0.496491 0.058386 0.880702
4 0.447983 0.507018 0.052371 0.950877
0 0.511500 0.515789 0.054140 0.968421
20 0.564756 0.515789 0.055202 0.968421
25 0.622788 0.524561 0.048125 0.936842
0 0.677459 0.510526 0.061217 0.978947
6 0.742569 0.496491 0.052725 0.929825
2 0.802548 0.505263 0.051663 0.989474
5 0.864119 0.501754 0.067233 0.996491
7 0.917905 0.507018 0.044586 0.971930
0 0.968861 0.496491 0.062279 0.971930
