22 0.041610 0.459375 0.069577 0.556250
27 0.105048 0.456250 0.060027 0.575000
17 0.173261 0.465625 0.068213 0.631250
27 0.237381 0.465625 0.057299 0.556250
32 0.301501 0.450000 0.068213 0.562500
2 0.371760 0.462500 0.050477 0.550000
8 0.430423 0.481250 0.050477 0.525000
5 0.489768 0.512500 0.051842 0.537500
0 0.547067 0.543750 0.057299 0.575000
20 0.603001 0.540625 0.051842 0.568750
25 0.661664 0.550000 0.054570 0.550000
0 0.718281 0.581250 0.053206 0.637500
6 0.774216 0.546875 0.050477 0.556250
2 0.826739 0.556250 0.049113 0.562500
1 0.873124 0.587500 0.040928 0.612500
5 0.925648 0.587500 0.058663 0.600000
1 0.975443 0.606250 0.049113 0.625000
