22 0.029476 0.521930 0.054585 0.412281
27 0.087336 0.508772 0.048035 0.403509
17 0.141921 0.513158 0.052402 0.412281
27 0.199782 0.491228 0.054585 0.403509
32 0.256550 0.526316 0.054585 0.508772
2 0.314410 0.508772 0.056769 0.421053
8 0.368996 0.495614 0.052402 0.412281
5 0.424672 0.504386 0.058952 0.429825
0 0.483624 0.491228 0.054585 0.350877
20 0.545852 0.517544 0.065502 0.403509
25 0.603712 0.517544 0.050218 0.403509
0 0.663755 0.526316 0.061135 0.385965
6 0.724891 0.557018 0.061135 0.500000
2 0.787118 0.535088 0.067686 0.438596
1 0.844978 0.552632 0.034934 0.473684
5 0.905022 0.521930 0.067686 0.482456
9 0.971616 0.521930 0.056769 0.517544
