22 0.039665 0.709821 0.065922 0.419643
27 0.102793 0.658482 0.058101 0.361607
17 0.171508 0.620536 0.059218 0.392857
27 0.231844 0.604911 0.056983 0.415179
32 0.294972 0.566964 0.051397 0.437500
2 0.361453 0.535714 0.054749 0.437500
8 0.420112 0.515625 0.049162 0.441964
5 0.474302 0.495536 0.056983 0.500000
0 0.537430 0.486607 0.055866 0.517857
20 0.591061 0.406250 0.055866 0.366071
25 0.649162 0.424107 0.060335 0.437500
0 0.707821 0.386161 0.052514 0.441964
6 0.764804 0.361607 0.059218 0.410714
2 0.818994 0.348214 0.046927 0.419643
1 0.864804 0.343750 0.037989 0.410714
5 0.915084 0.263393 0.053631 0.392857
7 0.970950 0.294643 0.058101 0.446429
