22 0.040208 0.432927 0.057069 0.560976
27 0.103761 0.445122 0.059663 0.597561
17 0.170558 0.466463 0.055772 0.591463
27 0.233463 0.503049 0.067445 0.567073
32 0.297665 0.472561 0.060960 0.554878
2 0.361219 0.515244 0.058366 0.591463
8 0.420882 0.527439 0.055772 0.506098
5 0.477302 0.542683 0.049287 0.585366
0 0.534371 0.554878 0.059663 0.548780
20 0.592737 0.570122 0.059663 0.554878
25 0.649805 0.597561 0.051881 0.560976
0 0.701686 0.597561 0.057069 0.560976
6 0.756161 0.615854 0.054475 0.560976
2 0.815824 0.652439 0.057069 0.475610
1 0.870947 0.682927 0.032425 0.585366
8 0.912451 0.664634 0.045396 0.560976
7 0.966278 0.698171 0.046693 0.603659
