22 0.038136 0.737374 0.059322 0.525253
27 0.099576 0.732323 0.059322 0.494949
17 0.163136 0.691919 0.067797 0.454545
27 0.222458 0.696970 0.050847 0.464646
32 0.282839 0.676768 0.069915 0.484848
2 0.342161 0.666667 0.048729 0.484848
8 0.394068 0.651515 0.059322 0.515152
5 0.452331 0.651515 0.057203 0.535354
0 0.512712 0.651515 0.059322 0.515152
20 0.565678 0.631313 0.059322 0.515152
25 0.621822 0.621212 0.052966 0.535354
0 0.680085 0.606061 0.063559 0.484848
6 0.740466 0.621212 0.052966 0.555556
2 0.800847 0.641414 0.055085 0.616162
1 0.849576 0.626263 0.038136 0.606061
6 0.896186 0.601010 0.050847 0.575758
5 0.953390 0.575758 0.055085 0.545455
