22 0.121390 0.509259 0.050267 0.296296
27 0.167914 0.516204 0.040642 0.347222
17 0.216578 0.495370 0.052406 0.333333
27 0.268449 0.500000 0.047059 0.388889
30 0.319251 0.518519 0.054545 0.472222
5 0.367914 0.479167 0.044920 0.430556
8 0.418717 0.495370 0.054545 0.444444
7 0.465775 0.493056 0.043850 0.402778
0 0.513369 0.502315 0.053476 0.384259
20 0.559893 0.493056 0.045989 0.375000
25 0.606417 0.511574 0.053476 0.375000
1 0.660963 0.516204 0.044920 0.393519
0 0.712299 0.504630 0.049198 0.370370
1 0.755615 0.500000 0.037433 0.388889
3 0.801604 0.513889 0.056684 0.398148
6 0.851872 0.495370 0.054545 0.388889
1 0.903743 0.513889 0.062032 0.472222
