22 0.095376 0.417112 0.059730 0.609626
27 0.152697 0.419786 0.056840 0.582888
17 0.210983 0.430481 0.050096 0.540107
27 0.261561 0.433155 0.047206 0.556150
32 0.315029 0.443850 0.053950 0.556150
6 0.369942 0.494652 0.048170 0.497326
8 0.418112 0.542781 0.048170 0.550802
3 0.465800 0.553476 0.047206 0.529412
0 0.512042 0.556150 0.052987 0.524064
20 0.561175 0.577540 0.045279 0.502674
25 0.603565 0.609626 0.043353 0.566845
1 0.644990 0.620321 0.033719 0.534759
0 0.685934 0.660428 0.046243 0.582888
2 0.734104 0.679144 0.042389 0.545455
5 0.777938 0.671123 0.037572 0.508021
2 0.816474 0.703209 0.029865 0.465241
2 0.855973 0.727273 0.051060 0.534759
