22 0.042131 0.533163 0.052045 0.382653
27 0.086741 0.528061 0.042131 0.403061
17 0.135068 0.505102 0.049566 0.357143
27 0.184634 0.530612 0.049566 0.418367
32 0.232962 0.502551 0.049566 0.423469
1 0.283767 0.535714 0.042131 0.500000
8 0.337051 0.512755 0.052045 0.454082
8 0.385378 0.522959 0.047088 0.474490
0 0.439901 0.497449 0.052045 0.454082
20 0.490706 0.494898 0.047088 0.448980
25 0.542131 0.471939 0.060719 0.423469
0 0.600991 0.466837 0.061958 0.413265
5 0.661090 0.451531 0.060719 0.403061
0 0.720570 0.464286 0.058240 0.428571
2 0.773854 0.471939 0.058240 0.454082
5 0.838290 0.443878 0.065675 0.448980
2 0.905204 0.448980 0.063197 0.459184
