22 0.033312 0.575714 0.049244 0.745714
27 0.086740 0.571429 0.053106 0.857143
17 0.154651 0.551429 0.062118 0.897143
27 0.211941 0.514286 0.057612 0.948571
30 0.268909 0.520000 0.058899 0.880000
5 0.332153 0.524286 0.070164 0.928571
8 0.391374 0.505714 0.048278 0.908571
9 0.443032 0.510000 0.055037 0.900000
0 0.500966 0.502857 0.051175 0.988571
20 0.560348 0.514286 0.055359 0.965714
25 0.616189 0.505714 0.056324 0.948571
1 0.679755 0.525714 0.050209 0.948571
0 0.736884 0.474286 0.056324 0.868571
2 0.794335 0.464286 0.054071 0.865714
3 0.851143 0.407143 0.053106 0.774286
4 0.906341 0.458571 0.059865 0.837143
5 0.962182 0.472857 0.056324 0.928571
