22 0.076349 0.625604 0.060369 0.507246
27 0.133168 0.608696 0.057528 0.521739
17 0.187855 0.586957 0.051847 0.487923
27 0.240057 0.579710 0.049716 0.492754
30 0.297230 0.579710 0.056108 0.550725
5 0.349787 0.521739 0.050426 0.560386
8 0.404474 0.528986 0.051847 0.574879
7 0.455966 0.531401 0.044034 0.589372
0 0.511364 0.533816 0.056818 0.661836
20 0.563210 0.533816 0.049716 0.642512
25 0.613636 0.526570 0.055398 0.628019
1 0.667614 0.536232 0.032670 0.743961
0 0.722301 0.541063 0.058239 0.705314
1 0.778054 0.526570 0.039062 0.705314
3 0.828125 0.543478 0.053977 0.690821
7 0.888139 0.492754 0.056108 0.608696
9 0.943892 0.538647 0.048295 0.729469
