22 0.030978 0.507246 0.059690 0.942029
27 0.087457 0.518116 0.048734 0.963768
17 0.150926 0.523551 0.065357 0.952899
27 0.205893 0.528986 0.045334 0.942029
32 0.268039 0.485507 0.052512 0.876812
3 0.326407 0.523551 0.050623 0.887681
8 0.383831 0.518116 0.052890 0.963768
6 0.440121 0.523551 0.046845 0.952899
0 0.493955 0.518116 0.057801 0.963768
20 0.557046 0.528986 0.060824 0.942029
25 0.613714 0.528986 0.059312 0.942029
0 0.677182 0.512681 0.055535 0.974638
4 0.732905 0.528986 0.064224 0.942029
0 0.796373 0.501812 0.064979 0.909420
0 0.855875 0.528986 0.049490 0.942029
8 0.913109 0.528986 0.053646 0.942029
5 0.972233 0.518116 0.053268 0.963768
