22 0.105710 0.600000 0.050926 0.413793
27 0.160494 0.624138 0.052469 0.365517
17 0.214506 0.582759 0.052469 0.420690
27 0.264660 0.575862 0.044753 0.406897
30 0.314043 0.544828 0.050926 0.372414
5 0.367284 0.544828 0.055556 0.386207
8 0.417438 0.524138 0.041667 0.372414
7 0.462191 0.489655 0.041667 0.386207
0 0.519290 0.472414 0.057099 0.379310
20 0.570216 0.468966 0.050926 0.386207
25 0.620370 0.434483 0.049383 0.441379
1 0.670525 0.406897 0.038580 0.427586
0 0.727623 0.413793 0.044753 0.482759
1 0.774691 0.368966 0.033951 0.393103
3 0.819444 0.355172 0.052469 0.406897
6 0.878858 0.358621 0.050926 0.455172
1 0.925926 0.358621 0.030864 0.496552
