22 0.031738 0.730159 0.059570 0.388889
27 0.094238 0.676587 0.059570 0.432540
17 0.156738 0.632937 0.061523 0.369048
27 0.221191 0.623016 0.061523 0.388889
32 0.281738 0.599206 0.063477 0.476190
2 0.347168 0.565476 0.051758 0.392857
8 0.409180 0.565476 0.056641 0.496032
5 0.460449 0.488095 0.055664 0.428571
0 0.520508 0.484127 0.058594 0.420635
20 0.576660 0.460317 0.067383 0.412698
25 0.634766 0.432540 0.048828 0.460317
0 0.695312 0.420635 0.054688 0.460317
6 0.750977 0.359127 0.064453 0.384921
2 0.810547 0.373016 0.062500 0.515873
1 0.856445 0.309524 0.041016 0.515873
5 0.917969 0.275794 0.056641 0.456349
9 0.973145 0.267857 0.053711 0.472222
