22 0.052111 0.785965 0.064690 0.350877
27 0.110961 0.750877 0.056604 0.400000
17 0.173854 0.705263 0.063792 0.371930
27 0.230458 0.675439 0.058401 0.389474
32 0.291554 0.643860 0.058401 0.487719
1 0.345912 0.610526 0.044924 0.435088
8 0.398023 0.557895 0.055705 0.400000
8 0.449686 0.538596 0.056604 0.438596
0 0.506289 0.489474 0.054807 0.403509
20 0.559299 0.440351 0.054807 0.410526
25 0.613657 0.421053 0.043127 0.470175
0 0.668913 0.377193 0.054807 0.354386
5 0.716083 0.324561 0.057502 0.382456
0 0.775831 0.336842 0.051213 0.385965
2 0.825696 0.289474 0.044924 0.389474
6 0.876011 0.257895 0.048518 0.389474
0 0.931716 0.217544 0.057502 0.350877
