22 0.071429 0.426866 0.054688 0.441791
27 0.119978 0.438806 0.044643 0.489552
17 0.170759 0.465672 0.052455 0.519403
27 0.220982 0.468657 0.045759 0.525373
32 0.276786 0.486567 0.061384 0.465672
1 0.323103 0.513433 0.033482 0.495522
8 0.370536 0.555224 0.056920 0.567164
7 0.422991 0.561194 0.045759 0.555224
0 0.473214 0.552239 0.054688 0.549254
20 0.518415 0.561194 0.044643 0.543284
25 0.569754 0.576119 0.060268 0.561194
0 0.626674 0.582090 0.053571 0.561194
8 0.681920 0.632836 0.052455 0.579104
3 0.731027 0.632836 0.052455 0.531343
9 0.782087 0.680597 0.054129 0.638806
2 0.835379 0.686567 0.055804 0.567164
2 0.889509 0.713433 0.045759 0.549254
