22 0.038194 0.388889 0.062500 0.494949
27 0.098380 0.388889 0.048611 0.494949
17 0.158565 0.398990 0.062500 0.515152
27 0.217593 0.393939 0.055556 0.484848
32 0.285880 0.393939 0.067130 0.484848
2 0.340278 0.414141 0.046296 0.525253
8 0.398148 0.444444 0.064815 0.525253
5 0.459491 0.434343 0.057870 0.505051
0 0.512731 0.449495 0.057870 0.535354
20 0.570602 0.479798 0.062500 0.595960
25 0.626157 0.494949 0.053241 0.585859
0 0.682870 0.459596 0.060185 0.535354
6 0.745370 0.454545 0.055556 0.525253
2 0.802083 0.469697 0.062500 0.555556
1 0.854167 0.560606 0.032407 0.717172
7 0.908565 0.510101 0.053241 0.575758
5 0.964120 0.510101 0.057870 0.535354
