22 0.033937 0.355263 0.063348 0.500000
27 0.095023 0.337719 0.063348 0.500000
17 0.162896 0.390351 0.063348 0.464912
27 0.223982 0.403509 0.058824 0.491228
32 0.291855 0.456140 0.067873 0.508772
2 0.352941 0.469298 0.049774 0.464912
8 0.408371 0.486842 0.056561 0.500000
5 0.467195 0.495614 0.061086 0.500000
0 0.526018 0.513158 0.056561 0.500000
20 0.583710 0.561404 0.058824 0.456140
25 0.641403 0.578947 0.056561 0.438596
0 0.700226 0.627193 0.056561 0.482456
6 0.759050 0.622807 0.061086 0.508772
2 0.815611 0.657895 0.052036 0.543860
1 0.868778 0.706140 0.045249 0.500000
7 0.921946 0.714912 0.056561 0.482456
3 0.973982 0.714912 0.052036 0.464912
