22 0.086466 0.660194 0.075188 0.543689
27 0.144267 0.633495 0.051692 0.548544
17 0.204417 0.584951 0.055451 0.509709
27 0.260338 0.570388 0.054511 0.480583
32 0.318139 0.565534 0.059211 0.490291
6 0.374060 0.589806 0.054511 0.548544
8 0.430921 0.577670 0.059211 0.514563
3 0.487782 0.570388 0.054511 0.538835
0 0.536654 0.533981 0.048872 0.563107
20 0.590226 0.529126 0.056391 0.504854
25 0.639098 0.514563 0.063910 0.572816
1 0.693609 0.521845 0.043233 0.626214
0 0.747650 0.526699 0.057331 0.616505
2 0.799812 0.483010 0.046992 0.587379
5 0.847744 0.463592 0.046992 0.548544
1 0.891917 0.434466 0.045113 0.548544
6 0.944079 0.473301 0.053571 0.713592
