22 0.034289 0.801310 0.061097 0.327511
27 0.097257 0.764192 0.057357 0.393013
17 0.160224 0.705240 0.063591 0.371179
27 0.229426 0.670306 0.062344 0.336245
31 0.295511 0.646288 0.064838 0.436681
2 0.352244 0.624454 0.063591 0.410480
8 0.416459 0.552402 0.067332 0.406114
5 0.475686 0.543668 0.056110 0.414847
0 0.529925 0.500000 0.047382 0.423581
20 0.587905 0.469432 0.066085 0.379913
25 0.644638 0.436681 0.052369 0.393013
0 0.703865 0.393013 0.056110 0.375546
6 0.752494 0.362445 0.051122 0.375546
2 0.810474 0.325328 0.057357 0.327511
1 0.860973 0.288210 0.038653 0.393013
5 0.910848 0.286026 0.066085 0.414847
3 0.969451 0.237991 0.053616 0.397380
