22 0.077505 0.628981 0.067328 0.531847
27 0.135438 0.625796 0.055846 0.525478
17 0.188152 0.589172 0.063152 0.566879
27 0.245825 0.600318 0.052192 0.589172
30 0.302714 0.576433 0.054280 0.579618
5 0.356472 0.523885 0.053236 0.601911
8 0.412317 0.520701 0.055324 0.595541
7 0.463466 0.531847 0.053236 0.643312
0 0.512004 0.531847 0.055324 0.617834
20 0.567067 0.550955 0.058977 0.630573
25 0.617693 0.493631 0.057933 0.541401
1 0.668058 0.520701 0.044885 0.652866
0 0.723121 0.476115 0.062109 0.684713
1 0.775313 0.487261 0.057933 0.636943
6 0.818372 0.429936 0.057411 0.624204
7 0.863779 0.385350 0.053236 0.643312
5 0.920407 0.378981 0.069415 0.585987
