22 0.047441 0.512422 0.079900 0.627329
27 0.112984 0.465839 0.063670 0.546584
17 0.184145 0.450311 0.056180 0.590062
27 0.242821 0.481366 0.063670 0.565217
32 0.308989 0.496894 0.058677 0.559006
6 0.358926 0.490683 0.061174 0.583851
8 0.423845 0.512422 0.066167 0.602484
6 0.480649 0.543478 0.054931 0.602484
0 0.532459 0.546584 0.058677 0.596273
20 0.592385 0.586957 0.063670 0.677019
25 0.643571 0.590062 0.051186 0.608696
1 0.696005 0.596273 0.051186 0.670807
0 0.758427 0.593168 0.058677 0.677019
2 0.812110 0.602484 0.048689 0.583851
5 0.865793 0.614907 0.058677 0.670807
0 0.917603 0.618012 0.052434 0.552795
4 0.966916 0.642857 0.056180 0.677019
