22 0.114504 0.429245 0.064885 0.481132
27 0.168893 0.429245 0.051527 0.537736
17 0.227099 0.438679 0.057252 0.518868
27 0.279580 0.443396 0.047710 0.471698
32 0.331107 0.452830 0.059160 0.490566
1 0.382634 0.490566 0.047710 0.584906
8 0.436069 0.481132 0.055344 0.528302
8 0.484733 0.514151 0.045802 0.518868
0 0.531489 0.542453 0.047710 0.575472
20 0.578244 0.551887 0.057252 0.594340
25 0.626908 0.580189 0.043893 0.575472
0 0.672710 0.551887 0.055344 0.518868
5 0.724237 0.551887 0.051527 0.556604
0 0.771947 0.589623 0.047710 0.594340
2 0.818702 0.580189 0.049618 0.518868
5 0.864504 0.603774 0.045802 0.566038
8 0.914122 0.589623 0.057252 0.537736
