22 0.031796 0.633423 0.060297 0.733154
27 0.088962 0.633423 0.056672 0.733154
17 0.152883 0.605121 0.059308 0.789757
27 0.211862 0.595687 0.063921 0.808625
30 0.278913 0.530997 0.068204 0.862534
5 0.334596 0.564690 0.047776 0.854447
8 0.395058 0.549865 0.064580 0.900270
9 0.453213 0.535040 0.051071 0.929919
0 0.507578 0.526954 0.062273 0.946092
20 0.571170 0.517520 0.053048 0.964960
25 0.625865 0.504043 0.060297 0.884097
1 0.685338 0.508086 0.049423 0.983827
0 0.744646 0.498652 0.061285 0.927224
2 0.807743 0.470350 0.064909 0.892183
3 0.860461 0.494609 0.047776 0.881402
4 0.915157 0.460916 0.052389 0.911051
3 0.968534 0.526954 0.052389 0.946092
