22 0.099469 0.640271 0.045093 0.348416
27 0.141026 0.617647 0.045093 0.375566
17 0.186561 0.595023 0.045977 0.375566
27 0.230769 0.570136 0.045977 0.407240
30 0.276746 0.549774 0.047745 0.429864
5 0.324934 0.533937 0.045093 0.461538
8 0.376216 0.540724 0.046861 0.538462
7 0.416888 0.475113 0.043324 0.443439
0 0.463749 0.463801 0.057471 0.429864
20 0.511494 0.450226 0.046861 0.475113
25 0.561008 0.436652 0.061008 0.466063
1 0.614500 0.420814 0.042440 0.552036
0 0.665782 0.391403 0.060124 0.638009
1 0.719275 0.373303 0.046861 0.656109
3 0.770557 0.366516 0.048630 0.624434
7 0.827144 0.334842 0.059240 0.597285
9 0.886826 0.273756 0.054819 0.502262
