22 0.030435 0.597826 0.056522 0.543478
27 0.089130 0.565217 0.056522 0.456522
17 0.150000 0.570652 0.056522 0.489130
27 0.205435 0.559783 0.050000 0.510870
32 0.267391 0.554348 0.060870 0.586957
2 0.325000 0.527174 0.058696 0.554348
8 0.381522 0.494565 0.058696 0.510870
5 0.443478 0.505435 0.069565 0.597826
0 0.500000 0.494565 0.047826 0.532609
20 0.553261 0.521739 0.058696 0.695652
25 0.608696 0.445652 0.060870 0.521739
0 0.676087 0.456522 0.069565 0.521739
6 0.738043 0.461957 0.058696 0.554348
2 0.795652 0.451087 0.052174 0.576087
1 0.851087 0.456522 0.054348 0.586957
7 0.908696 0.472826 0.060870 0.641304
5 0.968478 0.418478 0.063043 0.619565
