22 0.038660 0.584337 0.074742 0.638554
27 0.107603 0.542169 0.063144 0.542169
17 0.175258 0.521084 0.072165 0.548193
27 0.240335 0.539157 0.057990 0.584337
32 0.306057 0.533133 0.068299 0.656627
2 0.371778 0.518072 0.055412 0.590361
8 0.432990 0.542169 0.061856 0.626506
5 0.492912 0.545181 0.055412 0.668675
0 0.548969 0.542169 0.054124 0.674699
20 0.604381 0.563253 0.059278 0.584337
25 0.660438 0.590361 0.047680 0.626506
0 0.718428 0.545181 0.060567 0.572289
6 0.768686 0.560241 0.047680 0.590361
2 0.820876 0.587349 0.046392 0.584337
1 0.873067 0.584337 0.042526 0.530120
6 0.923325 0.584337 0.050258 0.590361
7 0.976804 0.608434 0.046392 0.662651
