22 0.071918 0.482332 0.063927 0.646643
27 0.134132 0.457597 0.062785 0.554770
17 0.197489 0.461131 0.059361 0.575972
27 0.253425 0.480565 0.052511 0.671378
30 0.312215 0.439929 0.058219 0.646643
5 0.372717 0.450530 0.062785 0.611307
8 0.429224 0.468198 0.054795 0.674912
7 0.477740 0.454064 0.044521 0.660777
0 0.532534 0.480565 0.058219 0.685512
20 0.586758 0.464664 0.054795 0.611307
25 0.642123 0.468198 0.060502 0.689046
1 0.696632 0.512367 0.043950 0.706714
0 0.742009 0.477032 0.042237 0.692580
1 0.801370 0.533569 0.051370 0.848057
3 0.847603 0.461131 0.047945 0.674912
7 0.898973 0.445230 0.057078 0.678445
1 0.954053 0.524735 0.053082 0.851590
