22 0.146685 0.646597 0.047955 0.298429
27 0.193935 0.636126 0.046544 0.298429
17 0.241890 0.617801 0.046544 0.335079
27 0.291255 0.607330 0.049365 0.303665
30 0.339915 0.615183 0.045134 0.319372
5 0.385755 0.609948 0.046544 0.308901
8 0.433709 0.620419 0.052186 0.361257
7 0.482370 0.678010 0.045134 0.371728
0 0.524683 0.623037 0.042313 0.293194
20 0.569817 0.649215 0.050776 0.345550
25 0.614245 0.657068 0.043724 0.340314
1 0.662906 0.664921 0.036671 0.387435
0 0.713681 0.667539 0.045134 0.340314
1 0.755289 0.659686 0.038082 0.397906
3 0.808886 0.680628 0.049365 0.397906
7 0.852609 0.667539 0.046544 0.382199
9 0.898449 0.672775 0.050776 0.371728
