22 0.074265 0.544444 0.054412 0.525926
27 0.126471 0.514815 0.050000 0.481481
17 0.177941 0.474074 0.050000 0.503704
27 0.226471 0.485185 0.050000 0.437037
30 0.277941 0.492593 0.052941 0.525926
5 0.327206 0.474074 0.048529 0.459259
8 0.376471 0.503704 0.047059 0.533333
7 0.420588 0.518519 0.044118 0.548148
0 0.469118 0.496296 0.044118 0.533333
20 0.516912 0.522222 0.054412 0.555556
25 0.567647 0.529630 0.058824 0.570370
1 0.616912 0.496296 0.039706 0.607407
0 0.671324 0.537037 0.060294 0.555556
1 0.722059 0.562963 0.029412 0.651852
3 0.766912 0.585185 0.051471 0.592593
6 0.817647 0.488889 0.058824 0.488889
7 0.878676 0.503704 0.063235 0.414815
