22 0.034483 0.691176 0.060345 0.252941
27 0.091595 0.667647 0.049569 0.252941
17 0.156250 0.652941 0.066810 0.258824
27 0.214440 0.658824 0.049569 0.282353
32 0.279095 0.661765 0.058190 0.323529
2 0.341595 0.658824 0.053879 0.329412
8 0.394397 0.626471 0.051724 0.288235
5 0.452586 0.617647 0.064655 0.305882
0 0.510776 0.632353 0.043103 0.311765
20 0.566810 0.614706 0.064655 0.288235
25 0.620690 0.608824 0.051724 0.288235
0 0.684267 0.594118 0.062500 0.282353
6 0.742457 0.585294 0.053879 0.300000
2 0.804957 0.594118 0.058190 0.305882
1 0.853448 0.597059 0.051724 0.358824
8 0.905172 0.579412 0.060345 0.335294
6 0.967672 0.582353 0.064655 0.364706
