22 0.041184 0.541045 0.064350 0.529851
27 0.104891 0.544776 0.065637 0.597015
17 0.170528 0.529851 0.063063 0.582090
27 0.228443 0.544776 0.057915 0.656716
32 0.295367 0.555970 0.063063 0.708955
2 0.355856 0.526119 0.060489 0.679104
8 0.414414 0.503731 0.056628 0.649254
5 0.472329 0.541045 0.056628 0.723881
0 0.530888 0.544776 0.057915 0.731343
20 0.585586 0.541045 0.051480 0.694030
25 0.638996 0.548507 0.063063 0.708955
0 0.698198 0.541045 0.052767 0.634328
6 0.754826 0.522388 0.052767 0.641791
2 0.809524 0.548507 0.046332 0.664179
1 0.859717 0.574627 0.043758 0.761194
7 0.913127 0.570896 0.055341 0.738806
7 0.972329 0.563433 0.055341 0.738806
