22 0.032145 0.532508 0.056943 0.835913
27 0.087803 0.523220 0.060985 0.873065
17 0.147869 0.493808 0.059148 0.851393
27 0.212528 0.523220 0.061352 0.947368
30 0.278655 0.509288 0.062087 0.938080
5 0.334864 0.461300 0.063556 0.804954
8 0.395114 0.475232 0.054739 0.814241
9 0.451323 0.518576 0.057678 0.938080
0 0.507531 0.513932 0.054739 0.873065
20 0.566679 0.541796 0.056943 0.910217
25 0.624357 0.527864 0.052535 0.863777
1 0.682219 0.527864 0.047759 0.938080
0 0.740816 0.510836 0.054004 0.978328
2 0.793902 0.509288 0.059515 0.975232
3 0.853968 0.513932 0.054739 0.965944
3 0.906319 0.504644 0.052902 0.990712
8 0.964364 0.523220 0.055107 0.947368
