22 0.058213 0.739544 0.062274 0.361217
27 0.120036 0.720532 0.061372 0.422053
17 0.189982 0.686312 0.067690 0.444867
27 0.250000 0.638783 0.061372 0.380228
32 0.319043 0.636882 0.069495 0.429658
1 0.373646 0.610266 0.036101 0.520913
8 0.433664 0.577947 0.058664 0.471483
8 0.489170 0.570342 0.052347 0.418251
0 0.545126 0.507605 0.055957 0.467681
20 0.601083 0.522814 0.057762 0.490494
25 0.649819 0.461977 0.063177 0.422053
0 0.709838 0.435361 0.056859 0.414449
5 0.763087 0.406844 0.056859 0.425856
0 0.816336 0.384030 0.058664 0.418251
2 0.866877 0.374525 0.051444 0.429658
5 0.912455 0.370722 0.043321 0.475285
2 0.966155 0.325095 0.064079 0.406844
