22 0.041029 0.647436 0.068150 0.666667
27 0.107093 0.612179 0.063978 0.621795
17 0.174548 0.637821 0.068150 0.711538
27 0.237135 0.551282 0.062587 0.589744
32 0.303199 0.557692 0.063978 0.576923
2 0.369263 0.551282 0.054242 0.602564
8 0.425591 0.535256 0.061196 0.647436
5 0.486092 0.487179 0.057024 0.564103
0 0.543115 0.471154 0.062587 0.608974
20 0.599444 0.458333 0.050070 0.596154
25 0.653686 0.471154 0.055633 0.583333
0 0.711405 0.419872 0.048679 0.596154
6 0.765647 0.391026 0.059805 0.564103
2 0.824757 0.387821 0.047288 0.570513
1 0.872740 0.439103 0.043115 0.660256
5 0.919332 0.288462 0.055633 0.461538
3 0.971488 0.358974 0.045897 0.641026
