22 0.043478 0.290749 0.074534 0.387665
27 0.114130 0.339207 0.063665 0.370044
17 0.183230 0.363436 0.071429 0.418502
27 0.247671 0.383260 0.060559 0.370044
32 0.316770 0.398678 0.062112 0.374449
2 0.379658 0.444934 0.054348 0.352423
8 0.437888 0.464758 0.059006 0.392070
5 0.496894 0.493392 0.059006 0.405286
0 0.555901 0.544053 0.049689 0.418502
20 0.609472 0.566079 0.060559 0.374449
25 0.662267 0.570485 0.051242 0.400881
0 0.715062 0.557269 0.063665 0.356828
6 0.774068 0.614537 0.051242 0.365639
2 0.822981 0.625551 0.062112 0.378855
1 0.881988 0.682819 0.055901 0.370044
8 0.926242 0.680617 0.032609 0.356828
6 0.973602 0.669604 0.052795 0.361233
