22 0.027977 0.511905 0.054519 0.563492
27 0.077834 0.500000 0.053802 0.555556
17 0.134864 0.501984 0.055954 0.519841
27 0.188666 0.519841 0.051650 0.563492
32 0.250717 0.527778 0.056671 0.706349
2 0.306313 0.523810 0.055954 0.626984
8 0.363343 0.533730 0.053802 0.567460
5 0.417504 0.539683 0.061693 0.658730
0 0.474892 0.539683 0.053085 0.619048
20 0.533716 0.559524 0.055954 0.571429
25 0.589311 0.619048 0.056671 0.714286
0 0.646700 0.555556 0.063845 0.626984
6 0.713056 0.593254 0.071736 0.638889
0 0.772956 0.599206 0.056671 0.603175
4 0.836801 0.619048 0.072453 0.674603
1 0.896341 0.615079 0.050933 0.658730
7 0.959828 0.632937 0.080344 0.678571
