22 0.094099 0.480198 0.060606 0.227723
27 0.142743 0.492574 0.036683 0.272277
17 0.185805 0.482673 0.052632 0.252475
27 0.234450 0.472772 0.041467 0.242574
32 0.272727 0.465347 0.047847 0.267327
6 0.322967 0.472772 0.049442 0.301980
8 0.366826 0.472772 0.044657 0.262376
3 0.410686 0.475248 0.043062 0.316832
0 0.456938 0.457921 0.036683 0.282178
20 0.499203 0.460396 0.041467 0.287129
25 0.548644 0.465347 0.041467 0.306931
1 0.590909 0.462871 0.030303 0.351485
0 0.636364 0.445545 0.054226 0.297030
2 0.688198 0.460396 0.043062 0.316832
5 0.731260 0.460396 0.046252 0.326733
0 0.772727 0.450495 0.039872 0.356436
0 0.822169 0.445545 0.062201 0.346535
