22 0.071618 0.635922 0.060124 0.533981
27 0.126437 0.614078 0.051282 0.519417
17 0.184350 0.599515 0.053935 0.567961
27 0.235190 0.543689 0.047745 0.524272
32 0.288240 0.533981 0.051282 0.563107
1 0.337754 0.531553 0.035367 0.616505
8 0.389920 0.514563 0.047745 0.582524
8 0.444297 0.512136 0.053935 0.635922
0 0.493369 0.502427 0.040672 0.665049
20 0.538462 0.495146 0.049514 0.582524
25 0.584439 0.468447 0.042440 0.606796
0 0.629973 0.475728 0.045093 0.669903
5 0.676835 0.458738 0.046861 0.577670
0 0.721927 0.424757 0.046861 0.538835
2 0.767462 0.415049 0.040672 0.587379
5 0.808134 0.432039 0.042440 0.621359
0 0.858974 0.378641 0.059240 0.533981
