22 0.116034 0.600000 0.049226 0.362500
27 0.164557 0.593750 0.045007 0.400000
17 0.213783 0.565625 0.047820 0.368750
27 0.260900 0.559375 0.046414 0.368750
30 0.313643 0.540625 0.047820 0.393750
5 0.362166 0.565625 0.043601 0.443750
8 0.414909 0.568750 0.045007 0.475000
7 0.459212 0.534375 0.043601 0.418750
0 0.510549 0.543750 0.047820 0.462500
20 0.559072 0.537500 0.049226 0.437500
25 0.609001 0.550000 0.053446 0.525000
1 0.657525 0.496875 0.037975 0.393750
0 0.708158 0.509375 0.057665 0.431250
1 0.755977 0.509375 0.040788 0.418750
3 0.805204 0.493750 0.049226 0.425000
6 0.854430 0.475000 0.046414 0.412500
3 0.907173 0.468750 0.056259 0.387500
