22 0.035807 0.568966 0.053385 0.758621
27 0.089844 0.543103 0.057292 0.672414
17 0.160807 0.560345 0.063802 0.672414
27 0.222656 0.581897 0.057292 0.681034
32 0.281901 0.547414 0.061198 0.698276
2 0.341146 0.573276 0.057292 0.715517
8 0.402344 0.534483 0.049479 0.775862
5 0.464193 0.521552 0.058594 0.767241
0 0.518880 0.534483 0.055990 0.706897
20 0.574219 0.543103 0.046875 0.810345
25 0.627604 0.534483 0.059896 0.827586
0 0.687500 0.521552 0.062500 0.784483
6 0.751302 0.521552 0.062500 0.732759
2 0.808594 0.508621 0.059896 0.672414
1 0.859375 0.547414 0.031250 0.905172
7 0.914714 0.508621 0.050781 0.775862
7 0.970703 0.508621 0.050781 0.827586
