22 0.061672 0.712264 0.064220 0.490566
27 0.119776 0.669811 0.049949 0.443396
17 0.185525 0.650943 0.061162 0.462264
27 0.242610 0.653302 0.046891 0.466981
32 0.299185 0.603774 0.056065 0.490566
6 0.360347 0.582547 0.054027 0.476415
8 0.415392 0.589623 0.049949 0.500000
3 0.475025 0.594340 0.055046 0.566038
0 0.527523 0.530660 0.047910 0.438679
20 0.582059 0.570755 0.053007 0.518868
25 0.636086 0.485849 0.059123 0.396226
1 0.687054 0.488208 0.042813 0.466981
0 0.741081 0.469340 0.053007 0.504717
2 0.790010 0.471698 0.040775 0.500000
5 0.840469 0.433962 0.054027 0.452830
2 0.890418 0.417453 0.041794 0.514151
5 0.939348 0.389151 0.054027 0.438679
