22 0.089399 0.388441 0.064873 0.561828
27 0.156909 0.420699 0.064873 0.577957
17 0.228639 0.466398 0.064873 0.610215
27 0.289821 0.463710 0.055380 0.583333
30 0.354430 0.506720 0.067511 0.647849
5 0.417722 0.526882 0.056962 0.607527
8 0.474947 0.560484 0.055380 0.572581
7 0.525580 0.615591 0.045886 0.623656
0 0.577004 0.623656 0.048523 0.618280
20 0.627637 0.659946 0.048523 0.567204
25 0.668513 0.659946 0.044831 0.577957
1 0.715190 0.672043 0.039030 0.543011
0 0.761076 0.697581 0.050633 0.561828
1 0.802479 0.725806 0.025844 0.548387
3 0.841772 0.745968 0.047468 0.508065
5 0.888713 0.748656 0.047468 0.502688
3 0.927743 0.780914 0.035865 0.395161
