22 0.033333 0.571429 0.062366 0.505495
27 0.086022 0.549451 0.047312 0.483516
17 0.147312 0.543956 0.058065 0.472527
27 0.204301 0.560440 0.051613 0.461538
32 0.259140 0.560440 0.058065 0.461538
2 0.315054 0.593407 0.058065 0.527473
8 0.373118 0.565934 0.053763 0.516484
5 0.430108 0.571429 0.060215 0.505495
0 0.491398 0.598901 0.062366 0.494505
20 0.546237 0.571429 0.051613 0.461538
25 0.606452 0.598901 0.060215 0.516484
0 0.668817 0.609890 0.068817 0.626374
6 0.725806 0.609890 0.049462 0.582418
2 0.782796 0.620879 0.060215 0.582418
1 0.844086 0.664835 0.045161 0.670330
6 0.908602 0.686813 0.062366 0.582418
5 0.969892 0.670330 0.055914 0.571429
