22 0.097720 0.525463 0.055375 0.532407
27 0.149430 0.513889 0.048046 0.435185
17 0.198290 0.525463 0.054560 0.486111
27 0.250407 0.543981 0.049674 0.513889
30 0.303746 0.543981 0.048860 0.513889
5 0.354235 0.548611 0.047231 0.504630
8 0.401059 0.553241 0.049674 0.495370
7 0.456433 0.569444 0.048046 0.527778
0 0.507736 0.592593 0.043160 0.583333
20 0.559446 0.601852 0.053746 0.462963
25 0.610342 0.604167 0.043160 0.513889
1 0.657166 0.608796 0.039088 0.486111
0 0.711319 0.638889 0.057818 0.564815
1 0.768730 0.685185 0.040717 0.629630
3 0.820033 0.657407 0.050489 0.518519
5 0.871743 0.634259 0.052932 0.527778
3 0.919381 0.634259 0.050489 0.527778
