22 0.106604 0.637652 0.049533 0.392713
27 0.150036 0.631579 0.037330 0.380567
17 0.191673 0.597166 0.045944 0.425101
27 0.237258 0.580972 0.039483 0.368421
30 0.281407 0.552632 0.041637 0.384615
5 0.327710 0.514170 0.046662 0.412955
8 0.376525 0.514170 0.046662 0.437247
7 0.418521 0.502024 0.044508 0.437247
0 0.465901 0.491903 0.047380 0.441296
20 0.511127 0.479757 0.045944 0.489879
25 0.561019 0.445344 0.042355 0.526316
1 0.613065 0.441296 0.037330 0.518219
0 0.663676 0.419028 0.056712 0.497976
1 0.713927 0.396761 0.043790 0.582996
3 0.767050 0.423077 0.048098 0.595142
7 0.814429 0.344130 0.045226 0.550607
5 0.869347 0.344130 0.063173 0.534413
