22 0.055115 0.572581 0.055556 0.478495
27 0.106261 0.580645 0.053792 0.440860
17 0.162698 0.559140 0.050265 0.462366
27 0.212081 0.567204 0.052028 0.467742
30 0.267196 0.575269 0.052910 0.473118
5 0.320547 0.575269 0.055556 0.483871
8 0.372575 0.577957 0.048501 0.478495
7 0.430335 0.594086 0.051146 0.596774
0 0.480159 0.577957 0.043210 0.543011
20 0.529982 0.561828 0.047619 0.521505
25 0.582451 0.561828 0.050265 0.553763
1 0.634480 0.569892 0.043210 0.612903
0 0.689153 0.607527 0.052028 0.516129
1 0.749559 0.631720 0.042328 0.661290
3 0.794974 0.588710 0.044974 0.607527
5 0.847443 0.586022 0.054674 0.623656
3 0.908730 0.599462 0.052028 0.639785
