22 0.034138 0.486928 0.052433 0.732026
27 0.086005 0.506536 0.051301 0.888889
17 0.149000 0.467320 0.060355 0.888889
27 0.207280 0.428105 0.051679 0.830065
32 0.267823 0.428105 0.053565 0.830065
1 0.328932 0.486928 0.057337 0.888889
8 0.391173 0.486928 0.053565 0.849673
4 0.447944 0.486928 0.043380 0.849673
0 0.504904 0.486928 0.052433 0.928105
20 0.565636 0.472222 0.056960 0.859477
25 0.619766 0.486928 0.049038 0.888889
0 0.682195 0.486928 0.059223 0.908497
6 0.745002 0.462418 0.055074 0.800654
2 0.804413 0.472222 0.052433 0.820261
5 0.857035 0.447712 0.055074 0.869281
8 0.913052 0.467320 0.050170 0.908497
0 0.971897 0.468954 0.056205 0.872549
