22 0.054526 0.376923 0.070563 0.600000
27 0.122594 0.375000 0.061297 0.596154
17 0.189594 0.392308 0.062723 0.592308
27 0.254098 0.413462 0.063435 0.565385
30 0.320029 0.425000 0.062723 0.588462
5 0.380969 0.461538 0.059159 0.553846
8 0.439772 0.505769 0.049893 0.580769
7 0.498931 0.525000 0.049893 0.642308
0 0.548824 0.551923 0.045617 0.588462
20 0.600143 0.584615 0.049893 0.592308
25 0.649679 0.596154 0.053457 0.607692
1 0.699216 0.632692 0.041340 0.665385
0 0.752673 0.646154 0.048468 0.661538
1 0.799359 0.694231 0.039202 0.611538
3 0.844619 0.692308 0.042766 0.615385
7 0.893443 0.692308 0.046329 0.615385
1 0.934783 0.715385 0.037776 0.569231
