22 0.067350 0.416667 0.060029 0.500000
27 0.120791 0.412791 0.042460 0.484496
17 0.172767 0.424419 0.054173 0.507752
27 0.222548 0.424419 0.052709 0.507752
32 0.278551 0.447674 0.060761 0.500000
1 0.332357 0.432171 0.038067 0.554264
8 0.379941 0.451550 0.058565 0.585271
7 0.434114 0.470930 0.052709 0.608527
0 0.490117 0.478682 0.051977 0.593023
20 0.542460 0.478682 0.052709 0.554264
25 0.594070 0.486434 0.050512 0.608527
0 0.650073 0.496124 0.051245 0.589147
8 0.705710 0.484496 0.052709 0.589147
3 0.763177 0.513566 0.053441 0.531008
9 0.816984 0.523256 0.043924 0.682171
1 0.870791 0.523256 0.034407 0.596899
6 0.926061 0.577519 0.058565 0.534884
