22 0.036994 0.489879 0.060116 0.340081
27 0.096532 0.487854 0.047399 0.368421
17 0.160116 0.495951 0.058960 0.360324
27 0.219075 0.477733 0.056647 0.331984
32 0.280925 0.485830 0.057803 0.356275
2 0.341040 0.495951 0.050867 0.368421
8 0.402312 0.500000 0.050867 0.400810
5 0.460116 0.495951 0.055491 0.392713
0 0.516185 0.504049 0.052023 0.400810
20 0.575145 0.491903 0.056647 0.360324
25 0.629480 0.497976 0.061272 0.364372
0 0.689017 0.510121 0.055491 0.388664
6 0.746243 0.518219 0.065896 0.380567
2 0.808092 0.524291 0.055491 0.392713
1 0.862428 0.524291 0.036994 0.376518
7 0.915029 0.520243 0.049711 0.417004
9 0.971676 0.524291 0.056647 0.417004
