22 0.030926 0.602317 0.051095 0.795367
27 0.085286 0.579151 0.051479 0.841699
17 0.150211 0.579151 0.061468 0.841699
27 0.213023 0.555985 0.055705 0.888031
32 0.275643 0.538610 0.058778 0.830116
3 0.335574 0.579151 0.045716 0.841699
8 0.390895 0.561776 0.054168 0.876448
6 0.456396 0.561776 0.063773 0.876448
0 0.516327 0.550193 0.049942 0.899614
20 0.569343 0.511583 0.049942 0.976834
25 0.623896 0.501931 0.054552 0.996139
0 0.687860 0.528958 0.051863 0.942085
4 0.744910 0.517375 0.053016 0.942085
0 0.807530 0.511583 0.056089 0.976834
0 0.860930 0.501931 0.047637 0.996139
7 0.919132 0.511583 0.053400 0.976834
0 0.972340 0.505792 0.042259 0.988417
