27 0.034483 0.379630 0.056034 0.388889
27 0.088362 0.388889 0.051724 0.388889
17 0.150862 0.393519 0.060345 0.435185
27 0.203664 0.407407 0.045259 0.370370
32 0.269397 0.412037 0.056034 0.361111
2 0.323276 0.435185 0.051724 0.425926
8 0.382543 0.453704 0.053879 0.481481
5 0.437500 0.476852 0.056034 0.490741
0 0.497845 0.495370 0.060345 0.490741
20 0.549569 0.462963 0.056034 0.407407
25 0.613147 0.486111 0.058190 0.453704
0 0.671336 0.500000 0.058190 0.518519
6 0.733836 0.509259 0.058190 0.500000
2 0.789871 0.537037 0.049569 0.425926
1 0.845905 0.550926 0.040948 0.509259
6 0.908405 0.527778 0.062500 0.462963
1 0.966595 0.569444 0.045259 0.564815
