22 0.055342 0.699288 0.063028 0.380783
27 0.114143 0.663701 0.056111 0.352313
17 0.176787 0.612100 0.061491 0.412811
27 0.235972 0.622776 0.058417 0.434164
32 0.299001 0.555160 0.058417 0.462633
1 0.350115 0.524911 0.042275 0.423488
8 0.406995 0.498221 0.046887 0.434164
8 0.461568 0.483986 0.053036 0.462633
0 0.517679 0.444840 0.049962 0.498221
20 0.565719 0.414591 0.047656 0.416370
25 0.619139 0.371886 0.053036 0.437722
0 0.671407 0.352313 0.043812 0.405694
5 0.721752 0.329181 0.043044 0.409253
0 0.770561 0.306050 0.045350 0.398577
2 0.817448 0.318505 0.048424 0.423488
5 0.867025 0.240214 0.053805 0.423488
0 0.918524 0.243772 0.052267 0.437722
