22 0.032264 0.493377 0.058419 0.748344
27 0.086674 0.528146 0.059565 0.817881
17 0.150630 0.488411 0.050783 0.877483
27 0.210004 0.473510 0.059565 0.807947
32 0.274150 0.448675 0.061856 0.758278
1 0.334288 0.503311 0.049255 0.947020
8 0.392707 0.493377 0.051546 0.847682
4 0.450935 0.488411 0.049637 0.897351
0 0.508973 0.513245 0.054983 0.887417
20 0.562810 0.508278 0.057274 0.937086
25 0.620657 0.521523 0.053837 0.923841
0 0.684994 0.493377 0.052692 0.947020
6 0.742077 0.519868 0.050019 0.960265
2 0.796869 0.523179 0.049637 0.847682
5 0.855479 0.559603 0.050019 0.880795
6 0.909507 0.534768 0.056510 0.930464
7 0.971936 0.513245 0.053837 0.927152
