22 0.033169 0.493711 0.055724 0.786164
27 0.091168 0.515723 0.057998 0.924528
17 0.154473 0.484277 0.055724 0.899371
27 0.214177 0.479560 0.063685 0.871069
32 0.277293 0.515723 0.055724 0.924528
3 0.336998 0.457547 0.059136 0.896226
8 0.397650 0.465409 0.066717 0.899371
6 0.460576 0.470126 0.056861 0.889937
0 0.520281 0.498428 0.055724 0.977987
20 0.573161 0.488994 0.050038 0.927673
25 0.627180 0.484277 0.060273 0.918239
0 0.688590 0.492138 0.057998 0.933962
4 0.750000 0.506289 0.060273 0.962264
0 0.802881 0.488994 0.043215 0.833333
0 0.859553 0.522013 0.056482 0.955975
6 0.916035 0.504717 0.051175 0.990566
5 0.970243 0.512579 0.050417 0.974843
