22 0.029258 0.615023 0.050157 0.469484
27 0.091954 0.565728 0.064786 0.474178
17 0.158307 0.568075 0.063741 0.488263
27 0.217346 0.565728 0.054336 0.446009
32 0.277952 0.546948 0.060606 0.464789
2 0.343260 0.551643 0.061651 0.483568
8 0.401776 0.507042 0.049112 0.488263
5 0.461860 0.476526 0.056426 0.530516
0 0.517764 0.434272 0.059561 0.455399
20 0.574190 0.434272 0.055381 0.455399
25 0.635841 0.415493 0.053292 0.474178
0 0.694357 0.408451 0.051202 0.478873
6 0.749216 0.359155 0.062696 0.436620
2 0.809300 0.375587 0.065831 0.488263
1 0.865726 0.361502 0.042842 0.497653
7 0.921630 0.323944 0.052247 0.497653
1 0.977011 0.330986 0.037618 0.549296
