22 0.035311 0.344595 0.062147 0.364865
27 0.099576 0.333333 0.060734 0.369369
17 0.171610 0.358108 0.060734 0.382883
27 0.232345 0.358108 0.055085 0.391892
32 0.295904 0.364865 0.063559 0.414414
2 0.357345 0.380631 0.062147 0.364865
8 0.420904 0.403153 0.053672 0.391892
5 0.478107 0.403153 0.052260 0.409910
0 0.536017 0.398649 0.052260 0.400901
20 0.590395 0.398649 0.048023 0.400901
25 0.645480 0.403153 0.056497 0.409910
0 0.705508 0.439189 0.055085 0.391892
6 0.759887 0.427928 0.062147 0.369369
2 0.816384 0.441441 0.050847 0.378378
1 0.864407 0.479730 0.036723 0.436937
8 0.918785 0.445946 0.049435 0.378378
1 0.973164 0.470721 0.048023 0.463964
