22 0.035011 0.705263 0.056893 0.505263
27 0.096280 0.657895 0.056893 0.494737
17 0.158643 0.636842 0.059081 0.452632
27 0.218818 0.615789 0.048140 0.473684
32 0.284464 0.615789 0.061269 0.578947
2 0.345733 0.594737 0.061269 0.494737
8 0.407002 0.573684 0.052516 0.557895
5 0.463895 0.573684 0.061269 0.536842
0 0.521882 0.542105 0.067834 0.557895
20 0.583151 0.515789 0.054705 0.505263
25 0.640044 0.510526 0.050328 0.536842
0 0.696937 0.494737 0.063457 0.484211
6 0.753829 0.452632 0.059081 0.526316
2 0.818381 0.452632 0.056893 0.526316
1 0.873085 0.405263 0.039387 0.515789
7 0.927790 0.442105 0.061269 0.694737
1 0.982495 0.421053 0.035011 0.652632
