22 0.030738 0.524272 0.057377 0.427184
27 0.086066 0.519417 0.061475 0.475728
17 0.146516 0.519417 0.059426 0.456311
27 0.200820 0.538835 0.053279 0.417476
32 0.263320 0.567961 0.063525 0.533981
2 0.324795 0.563107 0.055328 0.485437
8 0.379098 0.601942 0.049180 0.563107
5 0.439549 0.597087 0.059426 0.572816
0 0.498975 0.567961 0.051230 0.533981
20 0.551230 0.548544 0.053279 0.475728
25 0.610656 0.572816 0.065574 0.524272
0 0.672131 0.587379 0.057377 0.572816
6 0.731557 0.592233 0.049180 0.582524
2 0.792008 0.621359 0.063525 0.543689
1 0.855533 0.621359 0.047131 0.582524
9 0.910861 0.611650 0.059426 0.582524
9 0.967213 0.621359 0.053279 0.679612
