22 0.036991 0.621891 0.071517 0.497512
27 0.097411 0.601990 0.059186 0.437811
17 0.170777 0.589552 0.067818 0.452736
27 0.234279 0.606965 0.061652 0.457711
32 0.300247 0.582090 0.062885 0.427861
2 0.363132 0.587065 0.057953 0.487562
8 0.423551 0.577114 0.060419 0.447761
5 0.480271 0.564677 0.055487 0.502488
0 0.538224 0.579602 0.062885 0.462687
20 0.593711 0.567164 0.055487 0.507463
25 0.651048 0.567164 0.056720 0.487562
0 0.707768 0.552239 0.056720 0.467662
6 0.766338 0.574627 0.055487 0.472637
2 0.818742 0.547264 0.056720 0.457711
1 0.868681 0.552239 0.043157 0.507463
6 0.917386 0.559701 0.049322 0.502488
9 0.970407 0.579602 0.049322 0.542289
