22 0.133721 0.613636 0.048173 0.372727
27 0.184385 0.609091 0.046512 0.436364
17 0.232558 0.577273 0.049834 0.445455
27 0.279900 0.604545 0.044850 0.481818
32 0.332226 0.586364 0.059801 0.536364
1 0.385382 0.590909 0.033223 0.490909
8 0.428571 0.568182 0.043189 0.463636
8 0.471761 0.590909 0.049834 0.600000
0 0.524086 0.559091 0.044850 0.481818
20 0.568106 0.545455 0.046512 0.472727
25 0.612957 0.527273 0.043189 0.545455
0 0.660299 0.527273 0.048173 0.490909
5 0.711794 0.513636 0.048173 0.500000
0 0.755814 0.518182 0.046512 0.581818
2 0.800664 0.500000 0.039867 0.527273
5 0.841362 0.522727 0.051495 0.554545
2 0.898671 0.513636 0.059801 0.554545
