22 0.036088 0.513966 0.062864 0.491620
27 0.097788 0.519553 0.060536 0.446927
17 0.166473 0.513966 0.069849 0.480447
27 0.231665 0.516760 0.055879 0.474860
32 0.291618 0.513966 0.066356 0.502793
2 0.360885 0.486034 0.060536 0.502793
8 0.416764 0.508380 0.048894 0.491620
5 0.475553 0.491620 0.059371 0.502793
0 0.535506 0.494413 0.053551 0.519553
20 0.591967 0.483240 0.054715 0.519553
25 0.642026 0.472067 0.057043 0.497207
0 0.701979 0.472067 0.055879 0.452514
6 0.760768 0.508380 0.059371 0.547486
2 0.816647 0.486034 0.050058 0.525140
1 0.865541 0.469274 0.033760 0.491620
8 0.916182 0.455307 0.053551 0.486034
3 0.969732 0.469274 0.051222 0.547486
