22 0.031492 0.551839 0.056650 0.862876
27 0.085679 0.533445 0.055947 0.852843
17 0.154293 0.518395 0.065799 0.842809
27 0.209887 0.550167 0.045391 0.819398
32 0.275686 0.518395 0.065799 0.862876
1 0.337087 0.518395 0.042928 0.929766
8 0.393561 0.526756 0.055947 0.946488
4 0.450739 0.531773 0.054891 0.936455
0 0.508093 0.516722 0.044335 0.966555
20 0.562456 0.486622 0.062280 0.906355
25 0.621921 0.459866 0.056650 0.913043
0 0.678747 0.444816 0.057002 0.882943
6 0.742435 0.474916 0.052076 0.862876
2 0.797678 0.516722 0.051372 0.966555
5 0.858198 0.516722 0.059113 0.906355
7 0.917840 0.501672 0.051020 0.916388
0 0.972203 0.501672 0.055595 0.956522
