22 0.033508 0.305634 0.050699 0.374648
27 0.080420 0.316901 0.052448 0.363380
17 0.133741 0.335211 0.051865 0.411268
27 0.185315 0.349296 0.044289 0.439437
32 0.237762 0.357746 0.055944 0.445070
1 0.285548 0.409859 0.037296 0.459155
8 0.336538 0.423944 0.054196 0.628169
7 0.390443 0.483099 0.048951 0.605634
0 0.439685 0.453521 0.051865 0.580282
20 0.493881 0.471831 0.048368 0.521127
25 0.542832 0.483099 0.054196 0.521127
0 0.602564 0.574648 0.057110 0.619718
8 0.657634 0.609859 0.055361 0.633803
3 0.714452 0.595775 0.053613 0.543662
9 0.766900 0.661972 0.053613 0.676056
2 0.825175 0.663380 0.048951 0.515493
1 0.887529 0.650704 0.059441 0.529577
