22 0.044313 0.390728 0.064993 0.596026
27 0.109306 0.374172 0.056130 0.549669
17 0.178730 0.387417 0.070901 0.562914
27 0.245938 0.440397 0.063516 0.589404
32 0.317578 0.480132 0.059084 0.602649
2 0.381093 0.509934 0.053176 0.635762
8 0.438700 0.509934 0.050222 0.582781
5 0.498523 0.533113 0.051699 0.642384
0 0.553176 0.589404 0.051699 0.596026
20 0.608567 0.619205 0.053176 0.589404
25 0.664697 0.592715 0.050222 0.549669
0 0.720089 0.639073 0.060561 0.602649
6 0.778434 0.649007 0.047267 0.582781
2 0.827179 0.678808 0.047267 0.549669
1 0.876662 0.672185 0.033973 0.642384
7 0.920975 0.701987 0.045790 0.529801
5 0.971196 0.728477 0.054653 0.543046
