22 0.034362 0.443077 0.063114 0.369231
27 0.094320 0.443077 0.061010 0.363077
17 0.153576 0.449231 0.051893 0.381538
27 0.205470 0.467692 0.053296 0.412308
30 0.269285 0.461538 0.061711 0.541538
5 0.329593 0.460000 0.054698 0.446154
8 0.387097 0.452308 0.047686 0.430769
3 0.441094 0.456923 0.053296 0.649231
0 0.503857 0.452308 0.056802 0.350769
20 0.558555 0.455385 0.048387 0.393846
25 0.616760 0.467692 0.056802 0.430769
0 0.675316 0.441538 0.058906 0.366154
6 0.736676 0.472308 0.056802 0.470769
0 0.791024 0.456923 0.054698 0.464615
2 0.853086 0.455385 0.058205 0.473846
0 0.914797 0.450769 0.063815 0.452308
8 0.972300 0.489231 0.051192 0.492308
