22 0.029335 0.284375 0.053455 0.393750
27 0.080183 0.312500 0.048240 0.437500
17 0.137549 0.321875 0.056063 0.468750
27 0.195567 0.343750 0.054759 0.412500
32 0.251630 0.346875 0.052151 0.431250
2 0.306389 0.375000 0.054759 0.487500
8 0.366362 0.418750 0.052151 0.487500
5 0.423729 0.428125 0.046936 0.543750
0 0.479791 0.450000 0.057366 0.562500
20 0.540417 0.490625 0.056063 0.493750
25 0.598435 0.503125 0.059974 0.531250
0 0.661017 0.531250 0.057366 0.537500
6 0.720991 0.528125 0.054759 0.493750
2 0.782920 0.568750 0.058670 0.525000
1 0.841591 0.590625 0.043025 0.581250
5 0.902868 0.593750 0.074316 0.587500
3 0.971317 0.646875 0.057366 0.518750
