22 0.063025 0.398176 0.054022 0.255319
27 0.118848 0.393617 0.050420 0.246201
17 0.178271 0.401216 0.056423 0.267477
27 0.234694 0.422492 0.051621 0.249240
32 0.286915 0.437690 0.052821 0.273556
6 0.341537 0.462006 0.054022 0.303951
8 0.396158 0.463526 0.043217 0.276596
3 0.447779 0.481763 0.043217 0.294833
0 0.496399 0.487842 0.049220 0.288754
20 0.546218 0.506079 0.043217 0.264438
25 0.592437 0.519757 0.046819 0.297872
1 0.641657 0.533435 0.037215 0.288754
0 0.689676 0.542553 0.054022 0.313070
2 0.739496 0.569909 0.043217 0.373860
5 0.779712 0.548632 0.039616 0.246201
0 0.822929 0.566869 0.042017 0.264438
0 0.872749 0.571429 0.060024 0.285714
