22 0.035075 0.577338 0.055834 0.830935
27 0.091625 0.543165 0.059413 0.762590
17 0.155870 0.546763 0.057623 0.906475
27 0.208840 0.557554 0.047602 0.884892
30 0.272727 0.510791 0.063708 0.899281
5 0.332140 0.498201 0.052255 0.852518
8 0.391911 0.492806 0.055834 0.820144
9 0.450072 0.516187 0.046886 0.888489
0 0.506621 0.532374 0.056908 0.877698
20 0.563529 0.523381 0.047602 0.953237
25 0.620437 0.530576 0.059055 0.938849
1 0.673228 0.498201 0.039370 0.946043
0 0.733178 0.523381 0.056192 0.953237
2 0.796886 0.498201 0.049034 0.989209
3 0.852183 0.485612 0.057266 0.899281
4 0.910880 0.501799 0.051539 0.996403
4 0.966356 0.508993 0.050107 0.946043
