22 0.059920 0.240385 0.061252 0.319231
27 0.117177 0.263462 0.050599 0.303846
17 0.178429 0.301923 0.058589 0.311538
27 0.239680 0.342308 0.058589 0.292308
32 0.301598 0.380769 0.057257 0.300000
1 0.359521 0.442308 0.050599 0.346154
8 0.411451 0.484615 0.047936 0.307692
8 0.466711 0.513462 0.049268 0.319231
0 0.521305 0.548077 0.043941 0.334615
20 0.571904 0.569231 0.051931 0.276923
25 0.626498 0.626923 0.049268 0.300000
0 0.680426 0.653846 0.045273 0.284615
5 0.729694 0.700000 0.053262 0.300000
0 0.784953 0.757692 0.043941 0.323077
2 0.832889 0.784615 0.043941 0.338462
6 0.881491 0.813462 0.045273 0.296154
0 0.930759 0.848077 0.039947 0.303846
