22 0.030717 0.575540 0.056883 0.705036
27 0.094994 0.571942 0.064846 0.741007
17 0.161547 0.521583 0.059158 0.712230
27 0.221274 0.503597 0.058020 0.705036
32 0.281001 0.525180 0.065984 0.719424
2 0.346985 0.510791 0.054608 0.719424
8 0.408987 0.485612 0.060296 0.683453
5 0.469283 0.492806 0.058020 0.712230
0 0.527873 0.467626 0.054608 0.776978
20 0.583618 0.478417 0.056883 0.683453
25 0.641069 0.492806 0.055745 0.726619
0 0.697383 0.517986 0.059158 0.690647
6 0.757679 0.489209 0.056883 0.705036
2 0.812856 0.510791 0.055745 0.762590
1 0.861775 0.467626 0.039818 0.647482
8 0.915245 0.471223 0.055745 0.741007
5 0.970990 0.449640 0.046644 0.654676
