22 0.032335 0.646429 0.062275 0.650000
27 0.095210 0.625000 0.058683 0.678571
17 0.163473 0.621429 0.070659 0.714286
27 0.226946 0.557143 0.061078 0.571429
32 0.290419 0.542857 0.058683 0.600000
2 0.355090 0.532143 0.056287 0.592857
8 0.417365 0.528571 0.053892 0.628571
5 0.469461 0.521429 0.064671 0.671429
0 0.531138 0.503571 0.056287 0.650000
20 0.587425 0.485714 0.053892 0.671429
25 0.641916 0.464286 0.057485 0.685714
0 0.700000 0.450000 0.056287 0.685714
6 0.755689 0.421429 0.057485 0.685714
2 0.812575 0.407143 0.058683 0.671429
1 0.867665 0.410714 0.041916 0.692857
9 0.919162 0.396429 0.051497 0.707143
7 0.972455 0.428571 0.047904 0.728571
