22 0.096106 0.764865 0.063659 0.421622
27 0.156366 0.754054 0.058096 0.432432
17 0.219716 0.710811 0.055006 0.421622
27 0.279357 0.689189 0.059333 0.427027
30 0.337145 0.616216 0.053770 0.432432
5 0.391842 0.582432 0.059333 0.381081
8 0.447466 0.575676 0.049444 0.475676
7 0.496601 0.521622 0.053770 0.427027
0 0.545735 0.486486 0.050680 0.437838
20 0.593943 0.470270 0.048208 0.443243
25 0.650185 0.471622 0.053152 0.478378
1 0.695921 0.417568 0.037083 0.408108
0 0.741656 0.378378 0.049444 0.427027
1 0.786156 0.359459 0.034611 0.448649
3 0.833127 0.366216 0.050680 0.532432
7 0.877009 0.318919 0.034611 0.497297
5 0.923053 0.275676 0.052534 0.427027
