22 0.033125 0.583333 0.058152 0.717949
27 0.086676 0.584936 0.048951 0.778846
17 0.149982 0.549679 0.055576 0.900641
27 0.209422 0.578526 0.058152 0.842949
32 0.270151 0.501603 0.056680 0.766026
6 0.331984 0.491987 0.062569 0.881410
8 0.396209 0.511218 0.054840 0.862179
3 0.452337 0.506410 0.055208 0.987179
0 0.509937 0.482372 0.046007 0.842949
20 0.564041 0.535256 0.055576 0.929487
25 0.622562 0.508013 0.065881 0.951923
1 0.684211 0.516026 0.046375 0.967949
0 0.743099 0.512821 0.052264 0.961538
3 0.798675 0.520833 0.063305 0.958333
0 0.859220 0.511218 0.052632 0.977564
6 0.915716 0.501603 0.054472 0.996795
2 0.975524 0.485577 0.048951 0.907051
