22 0.032821 0.461765 0.050272 0.829412
27 0.088216 0.500000 0.056036 0.841176
17 0.150656 0.505882 0.061800 0.935294
27 0.212296 0.479412 0.056996 0.841176
30 0.272494 0.504412 0.058277 0.850000
5 0.331412 0.483824 0.064041 0.873529
8 0.394653 0.463235 0.056036 0.914706
9 0.449568 0.473529 0.049312 0.935294
0 0.501761 0.519118 0.050592 0.961765
20 0.558437 0.513235 0.053794 0.973529
25 0.618796 0.519118 0.065002 0.961765
1 0.674832 0.500000 0.051553 0.947059
0 0.737912 0.494118 0.056036 0.935294
2 0.800352 0.502941 0.052834 0.994118
3 0.858469 0.489706 0.059558 0.902941
4 0.913865 0.508824 0.053794 0.982353
5 0.968780 0.513235 0.051553 0.973529
