22 0.037578 0.750000 0.058455 0.403226
27 0.091858 0.729839 0.054280 0.395161
17 0.157620 0.721774 0.060543 0.411290
27 0.219207 0.705645 0.054280 0.411290
32 0.279749 0.685484 0.062630 0.370968
2 0.340292 0.661290 0.062630 0.435484
8 0.401879 0.661290 0.060543 0.451613
5 0.460334 0.637097 0.056367 0.467742
0 0.515658 0.604839 0.062630 0.419355
20 0.573069 0.580645 0.052192 0.435484
25 0.629436 0.576613 0.060543 0.443548
0 0.689979 0.588710 0.052192 0.467742
6 0.748434 0.568548 0.052192 0.491935
2 0.804802 0.528226 0.060543 0.427419
1 0.856994 0.524194 0.043841 0.435484
8 0.914405 0.483871 0.054280 0.451613
1 0.968685 0.471774 0.050104 0.475806
