22 0.062302 0.585799 0.065470 0.568047
27 0.123548 0.573964 0.054910 0.603550
17 0.188490 0.565089 0.066526 0.692308
27 0.248152 0.588757 0.054910 0.739645
32 0.310454 0.535503 0.065470 0.680473
1 0.371172 0.538462 0.047518 0.674556
8 0.424498 0.526627 0.054910 0.627219
8 0.482049 0.562130 0.060190 0.721893
0 0.535375 0.559172 0.044351 0.739645
20 0.586061 0.470414 0.059134 0.644970
25 0.639388 0.461538 0.053854 0.698225
0 0.693770 0.479290 0.057022 0.650888
5 0.743400 0.467456 0.044351 0.662722
0 0.792503 0.500000 0.049630 0.704142
2 0.840021 0.452663 0.045407 0.609467
5 0.886484 0.411243 0.047518 0.621302
8 0.938226 0.414201 0.047518 0.615385
