22 0.078704 0.548951 0.061728 0.412587
27 0.134259 0.573427 0.049383 0.461538
17 0.186728 0.506993 0.055556 0.398601
27 0.239969 0.506993 0.054012 0.384615
30 0.297840 0.503497 0.052469 0.447552
5 0.350309 0.506993 0.052469 0.454545
8 0.406636 0.482517 0.044753 0.447552
7 0.459105 0.489510 0.050926 0.489510
0 0.512346 0.489510 0.052469 0.461538
20 0.563272 0.461538 0.055556 0.461538
25 0.617284 0.461538 0.055556 0.475524
1 0.668981 0.444056 0.050926 0.510490
0 0.729167 0.426573 0.050926 0.503497
1 0.781636 0.430070 0.044753 0.510490
3 0.828704 0.419580 0.055556 0.531469
6 0.884259 0.384615 0.049383 0.461538
5 0.939043 0.367133 0.060185 0.468531
