22 0.965891 0.427126 0.057364 0.441296
27 0.903488 0.427126 0.053488 0.457490
0 0.026357 0.508097 0.048062 0.449393
1 0.084109 0.487854 0.045736 0.514170
2 0.143798 0.459514 0.055039 0.522267
0 0.199225 0.455466 0.054264 0.546559
6 0.259302 0.455466 0.050388 0.514170
0 0.317829 0.451417 0.057364 0.506073
25 0.380620 0.463563 0.052713 0.514170
20 0.436047 0.459514 0.061240 0.506073
0 0.493411 0.479757 0.048837 0.522267
3 0.551938 0.471660 0.054264 0.587045
8 0.611628 0.467611 0.065116 0.554656
5 0.667442 0.481781 0.049612 0.574899
30 0.721318 0.475709 0.062791 0.538462
27 0.787984 0.475709 0.058140 0.692308
17 0.843798 0.473684 0.051938 0.639676
