22 0.032854 0.384000 0.049281 0.336000
27 0.088296 0.420000 0.061602 0.376000
17 0.142710 0.396000 0.051335 0.376000
27 0.198152 0.416000 0.063655 0.400000
32 0.255647 0.428000 0.059548 0.392000
2 0.316222 0.472000 0.061602 0.464000
8 0.375770 0.476000 0.053388 0.456000
5 0.431211 0.508000 0.053388 0.440000
0 0.488706 0.516000 0.053388 0.456000
20 0.545175 0.524000 0.059548 0.488000
25 0.605749 0.552000 0.057495 0.432000
0 0.666324 0.560000 0.055441 0.464000
6 0.723819 0.580000 0.055441 0.504000
2 0.782341 0.596000 0.057495 0.472000
1 0.843943 0.612000 0.045175 0.536000
5 0.907598 0.616000 0.082136 0.512000
1 0.974333 0.608000 0.051335 0.496000
