22 0.033842 0.553512 0.052412 0.892977
27 0.086602 0.543478 0.054495 0.913043
17 0.148907 0.513378 0.060396 0.959866
27 0.203575 0.523411 0.053801 0.919732
30 0.267789 0.505017 0.063520 0.989967
5 0.324887 0.505017 0.054148 0.989967
8 0.384415 0.505017 0.057272 0.989967
9 0.438216 0.481605 0.046165 0.956522
0 0.499132 0.506689 0.060396 0.926421
20 0.553280 0.516722 0.045123 0.966555
25 0.609163 0.511706 0.058313 0.976589
1 0.670427 0.505017 0.048941 0.989967
0 0.732211 0.471572 0.062825 0.936455
2 0.792607 0.516722 0.055883 0.966555
3 0.853176 0.501672 0.067338 0.983278
4 0.913572 0.526756 0.051371 0.946488
4 0.971017 0.498328 0.053107 0.989967
