22 0.027431 0.551527 0.051078 0.896947
27 0.083050 0.536260 0.057889 0.927481
17 0.142452 0.513359 0.058645 0.973282
27 0.199395 0.513359 0.054484 0.973282
32 0.260689 0.519084 0.063564 0.961832
3 0.324820 0.524809 0.058645 0.950382
8 0.382331 0.547710 0.055619 0.904580
6 0.441922 0.530534 0.056754 0.938931
0 0.501703 0.519084 0.058267 0.961832
20 0.557510 0.551527 0.054105 0.896947
25 0.610670 0.524809 0.055997 0.950382
0 0.676882 0.513359 0.059024 0.973282
4 0.737987 0.503817 0.052592 0.977099
0 0.796254 0.507634 0.061672 0.984733
0 0.855846 0.492366 0.061294 0.977099
8 0.919031 0.469466 0.059781 0.931298
4 0.973326 0.469466 0.044268 0.931298
