22 0.045961 0.298283 0.077994 0.390558
27 0.116295 0.313305 0.065460 0.429185
17 0.185237 0.345494 0.069638 0.399142
27 0.250000 0.388412 0.062674 0.399142
32 0.319638 0.407725 0.065460 0.403433
2 0.386490 0.465665 0.059889 0.390558
8 0.447075 0.489270 0.052925 0.403433
5 0.502786 0.519313 0.052925 0.360515
0 0.560585 0.525751 0.054318 0.373391
20 0.616295 0.564378 0.057103 0.390558
25 0.672006 0.618026 0.051532 0.437768
8 0.726323 0.637339 0.054318 0.373391
6 0.777159 0.654506 0.055710 0.399142
2 0.830084 0.695279 0.050139 0.369099
2 0.879526 0.736052 0.054318 0.416309
0 0.928969 0.744635 0.050139 0.356223
1 0.971448 0.781116 0.034819 0.437768
