22 0.035831 0.463687 0.062975 0.558659
27 0.099891 0.460894 0.058632 0.564246
17 0.171553 0.463687 0.073833 0.592179
27 0.236699 0.460894 0.052117 0.620112
32 0.299674 0.469274 0.058632 0.625698
6 0.364278 0.444134 0.059718 0.564246
8 0.426167 0.460894 0.059718 0.597765
3 0.484256 0.455307 0.052117 0.597765
0 0.541802 0.466480 0.060803 0.620112
20 0.595548 0.472067 0.055375 0.575419
25 0.653637 0.463687 0.056460 0.592179
1 0.709012 0.469274 0.047774 0.648045
0 0.762215 0.469274 0.071661 0.625698
2 0.823018 0.458101 0.052117 0.581006
4 0.871878 0.469274 0.052117 0.558659
9 0.920195 0.491620 0.055375 0.659218
8 0.975570 0.508380 0.048860 0.625698
