22 0.033917 0.440678 0.054705 0.372881
25 0.087527 0.466102 0.052516 0.389831
17 0.146608 0.483051 0.065646 0.508475
27 0.208972 0.457627 0.054705 0.423729
32 0.263676 0.444915 0.059081 0.381356
2 0.318381 0.457627 0.045952 0.423729
8 0.374179 0.470339 0.061269 0.381356
5 0.434354 0.474576 0.059081 0.389831
0 0.495624 0.491525 0.059081 0.423729
20 0.553611 0.478814 0.061269 0.398305
25 0.610503 0.504237 0.056893 0.449153
0 0.668490 0.495763 0.059081 0.432203
6 0.725383 0.516949 0.050328 0.491525
2 0.783370 0.508475 0.061269 0.542373
1 0.842451 0.529661 0.043764 0.533898
6 0.901532 0.512712 0.070022 0.432203
9 0.967177 0.538136 0.056893 0.483051
