22 0.042773 0.584211 0.061947 0.536842
27 0.106195 0.573684 0.064897 0.568421
17 0.177483 0.544737 0.067847 0.563158
27 0.239921 0.531579 0.053097 0.578947
32 0.299410 0.521053 0.065880 0.568421
2 0.362832 0.492105 0.053097 0.594737
8 0.425762 0.497368 0.057030 0.584211
5 0.485251 0.484211 0.061947 0.600000
0 0.540315 0.442105 0.054081 0.578947
20 0.599803 0.460526 0.057030 0.636842
25 0.654376 0.365789 0.048181 0.489474
0 0.710423 0.392105 0.054081 0.521053
6 0.765978 0.381579 0.057030 0.552632
2 0.819567 0.373684 0.052114 0.526316
1 0.868732 0.386842 0.046214 0.605263
6 0.917896 0.339474 0.046214 0.626316
1 0.969027 0.355263 0.048181 0.689474
