22 0.068239 0.692913 0.060657 0.448819
27 0.127633 0.663386 0.056445 0.444882
17 0.184499 0.624016 0.057287 0.460630
27 0.240522 0.608268 0.048020 0.429134
32 0.299916 0.586614 0.055602 0.472441
1 0.349621 0.551181 0.047178 0.503937
8 0.409014 0.541339 0.053075 0.492126
8 0.459562 0.500000 0.048020 0.472441
0 0.509267 0.474409 0.049705 0.468504
20 0.557709 0.462598 0.053917 0.460630
25 0.609520 0.444882 0.049705 0.425197
0 0.661331 0.417323 0.047178 0.456693
5 0.705981 0.385827 0.048863 0.480315
0 0.757793 0.383858 0.049705 0.515748
2 0.800337 0.346457 0.042123 0.496063
5 0.849621 0.328740 0.044650 0.468504
6 0.897220 0.314961 0.047178 0.480315
