22 0.037016 0.565217 0.064920 0.621118
27 0.101367 0.549689 0.063781 0.540373
17 0.167426 0.565217 0.061503 0.621118
27 0.225513 0.537267 0.056948 0.565217
32 0.294989 0.555901 0.070615 0.565217
2 0.354784 0.537267 0.051253 0.552795
8 0.414009 0.546584 0.058087 0.534161
5 0.475513 0.565217 0.055809 0.571429
0 0.533599 0.527950 0.053531 0.472050
20 0.590547 0.568323 0.055809 0.552795
25 0.649772 0.586957 0.058087 0.590062
0 0.704442 0.537267 0.053531 0.490683
6 0.760820 0.568323 0.050114 0.527950
2 0.811503 0.537267 0.053531 0.490683
1 0.868451 0.614907 0.051253 0.608696
7 0.920843 0.630435 0.053531 0.627329
5 0.970957 0.586957 0.055809 0.577640
