22 0.117820 0.658065 0.047128 0.374194
27 0.163476 0.641935 0.047128 0.354839
17 0.210604 0.629032 0.044183 0.354839
27 0.252577 0.629032 0.045655 0.354839
32 0.299705 0.622581 0.051546 0.341935
1 0.344624 0.641935 0.038292 0.432258
8 0.385862 0.612903 0.047128 0.361290
8 0.435199 0.622581 0.039764 0.432258
0 0.474963 0.596774 0.039764 0.341935
20 0.514728 0.590323 0.036819 0.354839
25 0.559647 0.587097 0.047128 0.348387
0 0.603093 0.603226 0.039764 0.380645
5 0.642121 0.600000 0.041237 0.374194
0 0.682622 0.596774 0.036819 0.445161
2 0.723859 0.596774 0.039764 0.329032
5 0.762887 0.580645 0.047128 0.335484
4 0.812224 0.577419 0.051546 0.329032
