22 0.056527 0.435897 0.054779 0.315018
27 0.114219 0.441392 0.062937 0.326007
17 0.177739 0.467033 0.061772 0.326007
27 0.234848 0.472527 0.057110 0.344322
32 0.290210 0.472527 0.053613 0.315018
6 0.347319 0.510989 0.058275 0.318681
8 0.401515 0.527473 0.045455 0.344322
3 0.457459 0.536630 0.052448 0.333333
0 0.508741 0.558608 0.050117 0.355311
20 0.556527 0.543956 0.045455 0.333333
25 0.608392 0.565934 0.053613 0.340659
1 0.658508 0.613553 0.039627 0.362637
0 0.713287 0.624542 0.051282 0.362637
2 0.761072 0.637363 0.039627 0.358974
5 0.804779 0.635531 0.047786 0.369963
1 0.850816 0.646520 0.044289 0.340659
0 0.907925 0.670330 0.060606 0.344322
