22 0.034161 0.519380 0.055901 0.325581
27 0.090062 0.519380 0.051760 0.356589
17 0.150104 0.515504 0.055901 0.364341
27 0.204969 0.519380 0.049689 0.372093
32 0.262940 0.503876 0.053830 0.325581
2 0.318841 0.507752 0.049689 0.348837
8 0.372671 0.523256 0.053830 0.395349
5 0.431677 0.523256 0.055901 0.395349
0 0.486542 0.519380 0.049689 0.387597
20 0.544513 0.523256 0.062112 0.379845
25 0.605590 0.523256 0.055901 0.395349
0 0.664596 0.519380 0.049689 0.403101
6 0.723602 0.538760 0.051760 0.426357
2 0.785714 0.546512 0.055901 0.426357
1 0.842650 0.546512 0.049689 0.426357
5 0.901656 0.550388 0.064182 0.434109
5 0.963768 0.534884 0.060041 0.372093
