22 0.033981 0.349490 0.059639 0.454082
27 0.101942 0.369898 0.065187 0.443878
17 0.173370 0.403061 0.061026 0.510204
27 0.239251 0.415816 0.062413 0.454082
32 0.306519 0.436224 0.058252 0.433673
2 0.370319 0.492347 0.061026 0.505102
8 0.427878 0.525510 0.056865 0.520408
5 0.486824 0.540816 0.055479 0.530612
0 0.545076 0.561224 0.052705 0.489796
20 0.598474 0.576531 0.051318 0.459184
25 0.654646 0.581633 0.055479 0.489796
0 0.711512 0.617347 0.052705 0.459184
6 0.769071 0.650510 0.045770 0.423469
2 0.821775 0.688776 0.051318 0.489796
1 0.874480 0.683673 0.037448 0.510204
9 0.925798 0.704082 0.045770 0.530612
5 0.976422 0.704082 0.041609 0.540816
