22 0.197767 0.570681 0.038278 0.261780
27 0.238437 0.562827 0.043062 0.267016
17 0.285486 0.549738 0.044657 0.251309
27 0.329346 0.544503 0.039872 0.251309
32 0.375598 0.541885 0.049442 0.267016
6 0.422648 0.547120 0.044657 0.277487
8 0.467305 0.536649 0.044657 0.256545
3 0.510367 0.528796 0.041467 0.293194
0 0.553429 0.515707 0.044657 0.256545
20 0.594099 0.510471 0.043062 0.277487
25 0.637959 0.520942 0.044657 0.277487
1 0.681818 0.510471 0.036683 0.308901
0 0.724880 0.510471 0.039872 0.350785
2 0.762360 0.486911 0.041467 0.303665
5 0.807018 0.494764 0.047847 0.361257
1 0.849282 0.471204 0.036683 0.293194
6 0.894737 0.471204 0.057416 0.293194
