22 0.100322 0.851536 0.067597 0.296928
27 0.156116 0.805461 0.054721 0.320819
17 0.219421 0.755973 0.061159 0.310580
27 0.274678 0.687713 0.057940 0.324232
32 0.335300 0.622867 0.050429 0.310580
6 0.395386 0.587031 0.046137 0.307167
8 0.446352 0.556314 0.051502 0.313993
3 0.499464 0.506826 0.046137 0.344710
0 0.549893 0.469283 0.048283 0.365188
20 0.597103 0.436860 0.043991 0.354949
25 0.648605 0.394198 0.050429 0.344710
1 0.695815 0.322526 0.039700 0.310580
0 0.746781 0.293515 0.045064 0.320819
2 0.795064 0.261092 0.036481 0.317406
5 0.834227 0.201365 0.041845 0.300341
0 0.879292 0.170648 0.041845 0.279863
2 0.931867 0.141638 0.050429 0.262799
