22 0.033084 0.512153 0.053458 0.850694
27 0.089720 0.475694 0.055327 0.840278
17 0.154393 0.454861 0.059813 0.777778
27 0.213271 0.496528 0.057944 0.840278
32 0.272150 0.460069 0.053084 0.871528
1 0.331589 0.501736 0.042617 0.996528
8 0.390467 0.465278 0.056449 0.819444
4 0.456262 0.501736 0.054206 0.913194
0 0.510654 0.480903 0.047850 0.871528
20 0.563364 0.506944 0.046355 0.944444
25 0.621121 0.517361 0.055701 0.923611
0 0.685234 0.522569 0.054579 0.954861
6 0.743364 0.496528 0.057944 0.902778
2 0.803925 0.517361 0.051963 0.923611
5 0.860748 0.486111 0.056449 0.819444
6 0.916636 0.501736 0.053084 0.850694
4 0.971963 0.522569 0.047850 0.954861
