22 0.035881 0.492754 0.054694 0.905797
27 0.089410 0.492754 0.050039 0.818841
17 0.148759 0.471014 0.057021 0.818841
27 0.205780 0.481884 0.054694 0.840580
30 0.265128 0.492754 0.054694 0.884058
5 0.321567 0.471014 0.051202 0.818841
8 0.376843 0.492754 0.054694 0.949275
9 0.434057 0.481884 0.050427 0.905797
0 0.493406 0.498188 0.050427 0.894928
20 0.550427 0.487319 0.065943 0.873188
25 0.610745 0.481884 0.054694 0.862319
1 0.665826 0.514493 0.048487 0.971014
0 0.730023 0.519928 0.060512 0.960145
2 0.792475 0.514493 0.059736 0.971014
3 0.851435 0.509058 0.065943 0.981884
4 0.914469 0.476449 0.052366 0.938406
4 0.968192 0.463768 0.054306 0.920290
