22 0.027925 0.531667 0.050566 0.856667
27 0.082830 0.486667 0.052453 0.846667
17 0.144340 0.516667 0.059245 0.966667
27 0.205849 0.518333 0.058491 0.930000
32 0.270755 0.516667 0.060000 0.966667
1 0.324906 0.501667 0.045283 0.996667
8 0.380189 0.446667 0.056981 0.866667
4 0.442453 0.471667 0.051698 0.876667
0 0.503019 0.471667 0.053585 0.836667
20 0.557358 0.461667 0.052830 0.916667
25 0.612264 0.501667 0.054717 0.936667
0 0.678679 0.503333 0.061509 0.980000
6 0.738113 0.518333 0.057358 0.950000
2 0.794151 0.481667 0.052453 0.896667
5 0.853585 0.471667 0.055094 0.916667
6 0.909434 0.506667 0.056604 0.986667
6 0.967547 0.526667 0.056604 0.946667
