22 0.029613 0.622727 0.054670 0.427273
27 0.086560 0.613636 0.054670 0.409091
17 0.144647 0.568182 0.052392 0.372727
27 0.201595 0.568182 0.056948 0.390909
32 0.261959 0.554545 0.054670 0.400000
2 0.318907 0.545455 0.054670 0.418182
8 0.374715 0.545455 0.056948 0.400000
5 0.433941 0.550000 0.056948 0.481818
0 0.489749 0.518182 0.054670 0.436364
20 0.546697 0.500000 0.050114 0.400000
25 0.604784 0.490909 0.061503 0.400000
0 0.667426 0.486364 0.054670 0.463636
6 0.727790 0.450000 0.061503 0.409091
2 0.791572 0.477273 0.056948 0.427273
1 0.842825 0.440909 0.045558 0.445455
6 0.905467 0.436364 0.056948 0.490909
3 0.968109 0.422727 0.054670 0.481818
