22 0.033296 0.343284 0.053274 0.611940
27 0.089345 0.373134 0.063263 0.701493
17 0.151498 0.347015 0.056604 0.649254
27 0.206437 0.335821 0.055494 0.641791
32 0.269700 0.343284 0.059933 0.656716
2 0.330189 0.391791 0.047725 0.738806
8 0.390122 0.414179 0.054384 0.738806
5 0.446726 0.406716 0.056604 0.664179
0 0.506659 0.358209 0.056604 0.686567
20 0.558824 0.425373 0.052164 0.820896
25 0.618202 0.365672 0.059933 0.716418
0 0.678135 0.391791 0.057714 0.679104
6 0.740844 0.402985 0.054384 0.731343
2 0.795782 0.414179 0.053274 0.708955
2 0.855161 0.417910 0.058824 0.791045
0 0.915094 0.432836 0.058824 0.791045
1 0.975028 0.451493 0.045505 0.858209
