22 0.095321 0.679054 0.051993 0.412162
27 0.150780 0.682432 0.058925 0.418919
17 0.205373 0.625000 0.053726 0.358108
27 0.254766 0.597973 0.045061 0.344595
32 0.317158 0.587838 0.055459 0.351351
1 0.368284 0.570946 0.032929 0.385135
8 0.413345 0.520270 0.057192 0.378378
8 0.468804 0.520270 0.043328 0.405405
0 0.516464 0.469595 0.051993 0.344595
20 0.567591 0.476351 0.053726 0.331081
25 0.616984 0.472973 0.045061 0.432432
0 0.668977 0.439189 0.048527 0.391892
5 0.718371 0.425676 0.046794 0.432432
0 0.762565 0.341216 0.051993 0.344595
2 0.815425 0.358108 0.043328 0.364865
5 0.862218 0.310811 0.053726 0.364865
2 0.917678 0.300676 0.053726 0.358108
