22 0.038462 0.710784 0.058824 0.441176
27 0.096154 0.676471 0.052036 0.470588
17 0.157240 0.622549 0.056561 0.382353
27 0.218326 0.637255 0.061086 0.450980
32 0.283937 0.602941 0.056561 0.401961
2 0.341629 0.602941 0.058824 0.421569
8 0.398190 0.598039 0.045249 0.392157
5 0.455882 0.583333 0.056561 0.460784
0 0.512443 0.563725 0.052036 0.441176
20 0.569005 0.544118 0.056561 0.441176
25 0.630090 0.539216 0.056561 0.509804
0 0.685520 0.490196 0.049774 0.470588
6 0.743213 0.504902 0.056561 0.500000
2 0.798643 0.495098 0.054299 0.480392
1 0.850679 0.524510 0.040724 0.558824
9 0.968326 0.490196 0.049774 0.568627
