22 0.041709 0.583333 0.061307 0.510417
27 0.102010 0.580729 0.053266 0.536458
17 0.167839 0.570312 0.064322 0.546875
27 0.228141 0.544271 0.056281 0.526042
32 0.288945 0.554688 0.061307 0.546875
6 0.350251 0.528646 0.057286 0.494792
8 0.408543 0.546875 0.057286 0.562500
3 0.466834 0.528646 0.049246 0.619792
0 0.523618 0.518229 0.054271 0.567708
20 0.573869 0.507812 0.052261 0.588542
25 0.631658 0.541667 0.059296 0.645833
1 0.685427 0.510417 0.048241 0.583333
0 0.739196 0.497396 0.057286 0.609375
2 0.796482 0.494792 0.049246 0.572917
5 0.847236 0.486979 0.054271 0.526042
0 0.904523 0.445312 0.048241 0.526042
4 0.959799 0.479167 0.060302 0.614583
