22 0.055556 0.558935 0.048260 0.501901
27 0.100449 0.551331 0.043771 0.517110
17 0.148148 0.562738 0.049383 0.509506
27 0.194725 0.570342 0.046016 0.539924
30 0.243547 0.528517 0.049383 0.547529
5 0.292368 0.551331 0.048260 0.577947
8 0.341751 0.520913 0.050505 0.608365
7 0.392256 0.513308 0.041526 0.684411
0 0.445006 0.513308 0.046016 0.623574
20 0.496633 0.479087 0.048260 0.646388
25 0.548260 0.479087 0.048260 0.676806
1 0.609428 0.482890 0.047138 0.699620
0 0.664983 0.539924 0.061728 0.813688
1 0.720539 0.429658 0.035915 0.699620
3 0.777217 0.422053 0.054994 0.745247
5 0.840067 0.418251 0.059484 0.722433
3 0.903479 0.391635 0.056117 0.699620
