22 0.029762 0.487037 0.048771 0.914815
27 0.084869 0.520370 0.054531 0.959259
17 0.153994 0.464815 0.059908 0.870370
27 0.207757 0.475926 0.047619 0.937037
32 0.266897 0.459259 0.062212 0.903704
3 0.332949 0.509259 0.049155 0.981481
8 0.391321 0.487037 0.052995 0.914815
6 0.450461 0.487037 0.052227 0.937037
0 0.509601 0.509259 0.046083 0.981481
20 0.565668 0.481481 0.049923 0.903704
25 0.624424 0.481481 0.052227 0.903704
0 0.680300 0.520370 0.052611 0.959259
4 0.741743 0.487037 0.056452 0.892593
0 0.798771 0.520370 0.048387 0.959259
0 0.857143 0.503704 0.054531 0.992593
6 0.919739 0.503704 0.059908 0.970370
3 0.974270 0.514815 0.042243 0.970370
