22 0.041157 0.635870 0.060067 0.478261
27 0.104561 0.597826 0.060067 0.478261
17 0.169077 0.559783 0.064516 0.521739
27 0.234149 0.548913 0.054505 0.500000
32 0.299221 0.551630 0.053393 0.603261
2 0.365406 0.516304 0.054505 0.478261
8 0.423248 0.478261 0.052280 0.576087
5 0.483871 0.442935 0.055617 0.527174
0 0.540601 0.432065 0.057842 0.548913
20 0.596218 0.404891 0.057842 0.494565
25 0.650167 0.402174 0.052280 0.543478
0 0.704672 0.342391 0.056730 0.456522
6 0.763626 0.353261 0.054505 0.489130
2 0.819244 0.331522 0.052280 0.467391
1 0.867075 0.293478 0.034483 0.510870
6 0.917686 0.250000 0.042269 0.467391
5 0.966073 0.271739 0.058954 0.478261
