34 0.090139 0.472028 0.044684 0.384615
22 0.135593 0.486014 0.043143 0.412587
27 0.180277 0.482517 0.046225 0.363636
17 0.226502 0.506993 0.040062 0.412587
27 0.272727 0.513986 0.046225 0.398601
32 0.321263 0.517483 0.044684 0.405594
2 0.367488 0.541958 0.047766 0.440559
8 0.411402 0.552448 0.043143 0.419580
5 0.458398 0.576923 0.041602 0.482517
0 0.505393 0.597902 0.049307 0.356643
20 0.552388 0.618881 0.041602 0.412587
25 0.597843 0.618881 0.043143 0.384615
0 0.643297 0.643357 0.047766 0.405594
6 0.692604 0.650350 0.047766 0.419580
2 0.741911 0.660839 0.053929 0.440559
1 0.794299 0.709790 0.044684 0.482517
4 0.839753 0.706294 0.046225 0.461538
9 0.890601 0.713287 0.046225 0.489510
34 0.941448 0.713287 0.052388 0.391608
