22 0.030720 0.323864 0.057203 0.488636
27 0.087924 0.352273 0.057203 0.500000
17 0.146186 0.346591 0.059322 0.488636
27 0.204449 0.375000 0.057203 0.545455
32 0.263771 0.392045 0.052966 0.556818
2 0.319915 0.426136 0.055085 0.602273
8 0.378178 0.471591 0.057203 0.670455
5 0.435381 0.448864 0.052966 0.647727
0 0.493644 0.488636 0.055085 0.590909
20 0.551907 0.494318 0.057203 0.602273
25 0.611229 0.488636 0.057203 0.545455
0 0.673729 0.522727 0.050847 0.568182
6 0.728814 0.534091 0.055085 0.545455
2 0.792373 0.596591 0.055085 0.670455
1 0.848517 0.613636 0.044492 0.704545
9 0.908898 0.619318 0.059322 0.738636
1 0.967161 0.613636 0.061441 0.750000
