22 0.037589 0.288462 0.066667 0.403846
27 0.101418 0.290865 0.055319 0.408654
17 0.165957 0.326923 0.056738 0.413462
27 0.229787 0.346154 0.053901 0.413462
32 0.295035 0.360577 0.059574 0.394231
2 0.357447 0.411058 0.056738 0.408654
8 0.420567 0.406250 0.052482 0.408654
5 0.480851 0.437500 0.056738 0.461538
0 0.536879 0.475962 0.055319 0.394231
20 0.594326 0.495192 0.056738 0.413462
25 0.647518 0.521635 0.043972 0.427885
0 0.707801 0.545673 0.053901 0.399038
6 0.763121 0.548077 0.051064 0.442308
2 0.816312 0.579327 0.058156 0.399038
1 0.868794 0.603365 0.046809 0.466346
8 0.922695 0.622596 0.058156 0.399038
3 0.977305 0.646635 0.042553 0.437500
