22 0.036894 0.563492 0.060573 0.388889
27 0.103524 0.541667 0.070485 0.361111
17 0.171806 0.527778 0.059471 0.341270
27 0.231278 0.511905 0.063877 0.341270
32 0.297907 0.517857 0.062775 0.384921
2 0.356278 0.525794 0.051762 0.384921
8 0.421256 0.505952 0.056167 0.408730
5 0.481278 0.501984 0.055066 0.432540
0 0.536894 0.490079 0.047357 0.432540
20 0.594163 0.480159 0.058370 0.373016
25 0.649229 0.464286 0.047357 0.388889
0 0.706498 0.456349 0.058370 0.380952
6 0.767070 0.456349 0.053965 0.380952
2 0.817731 0.434524 0.047357 0.345238
1 0.869493 0.468254 0.036344 0.452381
8 0.917401 0.440476 0.050661 0.436508
9 0.972467 0.440476 0.055066 0.500000
