22 0.073069 0.464115 0.060543 0.430622
27 0.132046 0.509569 0.053236 0.531100
17 0.195720 0.514354 0.063674 0.483254
27 0.254175 0.533493 0.051148 0.550239
32 0.318372 0.564593 0.060543 0.526316
6 0.368998 0.569378 0.040710 0.488038
8 0.419624 0.583732 0.050104 0.516746
3 0.473382 0.600478 0.053236 0.502392
0 0.526618 0.641148 0.046973 0.555024
20 0.578288 0.674641 0.050104 0.507177
25 0.625783 0.710526 0.044885 0.531100
1 0.673800 0.717703 0.036534 0.497608
0 0.730167 0.715311 0.057411 0.464115
2 0.779749 0.734450 0.037578 0.511962
5 0.819937 0.710526 0.042797 0.502392
0 0.868476 0.744019 0.039666 0.435407
8 0.918580 0.758373 0.054280 0.464115
