22 0.117160 0.576119 0.065730 0.591045
27 0.180130 0.586567 0.058204 0.623881
17 0.242097 0.597015 0.061716 0.591045
27 0.301305 0.565672 0.054691 0.635821
30 0.358003 0.559701 0.054691 0.635821
5 0.416708 0.549254 0.057702 0.614925
8 0.468891 0.538806 0.046663 0.623881
7 0.520321 0.535821 0.051179 0.629851
0 0.572755 0.559701 0.048670 0.570149
20 0.622428 0.576119 0.047667 0.591045
25 0.670848 0.559701 0.047165 0.623881
1 0.717511 0.583582 0.040140 0.629851
0 0.760662 0.567164 0.048169 0.650746
1 0.803562 0.579104 0.037632 0.650746
3 0.850477 0.565672 0.049172 0.558209
5 0.896638 0.543284 0.041144 0.537313
7 0.940040 0.579104 0.045660 0.585075
