22 0.037802 0.500000 0.057460 0.414414
27 0.101815 0.497748 0.058468 0.409910
17 0.165827 0.502252 0.063508 0.445946
27 0.232863 0.520270 0.068548 0.463964
32 0.299899 0.490991 0.055444 0.513514
2 0.359879 0.513514 0.054435 0.432432
8 0.417843 0.531532 0.055444 0.441441
5 0.472782 0.504505 0.060484 0.432432
0 0.529738 0.522523 0.055444 0.459459
20 0.588710 0.524775 0.058468 0.427928
25 0.644657 0.542793 0.061492 0.481982
0 0.702117 0.509009 0.047379 0.468468
6 0.755040 0.513514 0.054435 0.432432
2 0.814516 0.542793 0.060484 0.527027
1 0.864415 0.527027 0.039315 0.468468
7 0.914819 0.529279 0.049395 0.509009
1 0.964718 0.520270 0.046371 0.490991
