22 0.043303 0.594059 0.061201 0.445545
27 0.099885 0.601485 0.054273 0.470297
17 0.169746 0.591584 0.064665 0.440594
27 0.231524 0.581683 0.058891 0.430693
32 0.297344 0.579208 0.058891 0.366337
2 0.359700 0.613861 0.058891 0.524752
8 0.420901 0.566832 0.049654 0.430693
5 0.478060 0.566832 0.060046 0.480198
0 0.536952 0.564356 0.050808 0.485149
20 0.589492 0.586634 0.054273 0.480198
25 0.648383 0.574257 0.058891 0.455446
0 0.704388 0.551980 0.055427 0.460396
6 0.758083 0.559406 0.058891 0.475248
2 0.816397 0.547030 0.046189 0.490099
1 0.861432 0.537129 0.046189 0.480198
7 0.923788 0.551980 0.055427 0.529703
3 0.971709 0.529703 0.047344 0.485149
