22 0.028787 0.509328 0.051041 0.727612
27 0.089628 0.529851 0.054308 0.850746
17 0.152511 0.552239 0.060024 0.895522
27 0.211107 0.539179 0.061249 0.869403
32 0.274398 0.520522 0.052266 0.891791
3 0.331156 0.520522 0.049816 0.891791
8 0.392405 0.514925 0.054716 0.962687
6 0.451409 0.488806 0.051041 0.873134
0 0.510412 0.488806 0.058800 0.850746
20 0.564516 0.516791 0.049408 0.966418
25 0.622703 0.503731 0.052266 0.925373
0 0.680686 0.516791 0.054716 0.966418
4 0.743160 0.516791 0.050633 0.966418
0 0.802572 0.505597 0.053491 0.988806
0 0.863209 0.498134 0.058800 0.973881
6 0.918947 0.516791 0.050225 0.966418
6 0.973050 0.494403 0.053900 0.906716
