22 0.101318 0.473485 0.051071 0.446970
27 0.149918 0.454545 0.049423 0.424242
17 0.204283 0.446970 0.046129 0.393939
27 0.255354 0.439394 0.049423 0.393939
32 0.308896 0.443182 0.047776 0.401515
1 0.356672 0.473485 0.034596 0.477273
8 0.403624 0.446970 0.039539 0.439394
8 0.450577 0.481061 0.044481 0.416667
0 0.501647 0.477273 0.047776 0.393939
20 0.547776 0.473485 0.044481 0.401515
25 0.596376 0.484848 0.052718 0.439394
0 0.642504 0.477273 0.042834 0.409091
5 0.688633 0.492424 0.049423 0.378788
0 0.733114 0.507576 0.042834 0.424242
2 0.776771 0.503788 0.044481 0.477273
5 0.823723 0.484848 0.042834 0.439394
4 0.873147 0.484848 0.056013 0.424242
