22 0.033445 0.543103 0.056856 0.517241
27 0.091555 0.540948 0.054348 0.521552
17 0.152174 0.543103 0.053512 0.586207
27 0.206940 0.525862 0.049331 0.568966
32 0.263796 0.521552 0.064381 0.646552
1 0.320652 0.497845 0.042642 0.599138
8 0.377508 0.538793 0.056020 0.681034
4 0.436455 0.517241 0.048495 0.672414
0 0.494565 0.525862 0.057692 0.655172
20 0.551839 0.510776 0.055184 0.573276
25 0.605769 0.474138 0.056020 0.534483
0 0.670151 0.487069 0.061037 0.594828
6 0.730769 0.504310 0.060201 0.681034
0 0.786371 0.437500 0.049331 0.556034
9 0.846572 0.465517 0.056020 0.672414
9 0.904682 0.467672 0.051839 0.719828
7 0.961538 0.487069 0.060201 0.655172
