27 0.182156 0.519417 0.047088 0.233010
17 0.226146 0.507282 0.043371 0.325243
27 0.267038 0.512136 0.035936 0.305825
0 0.311648 0.495146 0.038414 0.359223
5 0.356258 0.485437 0.038414 0.281553
8 0.400248 0.502427 0.039653 0.296117
7 0.440520 0.516990 0.030979 0.364078
0 0.483891 0.500000 0.035936 0.262136
20 0.524783 0.483010 0.038414 0.276699
25 0.566914 0.512136 0.043371 0.315534
1 0.611524 0.512136 0.035936 0.344660
0 0.656134 0.500000 0.043371 0.291262
1 0.700743 0.519417 0.040892 0.349515
3 0.749071 0.516990 0.050805 0.305825
7 0.788724 0.524272 0.035936 0.339806
7 0.832094 0.541262 0.050805 0.412621
