22 0.040169 0.628692 0.069767 0.354430
27 0.104651 0.594937 0.057082 0.345992
17 0.172304 0.618143 0.059197 0.417722
27 0.235201 0.578059 0.060254 0.405063
32 0.300740 0.556962 0.068710 0.421941
2 0.365222 0.546414 0.053911 0.400844
8 0.425476 0.559072 0.051797 0.459916
5 0.484672 0.535865 0.047569 0.497890
0 0.538584 0.489451 0.058140 0.405063
20 0.592495 0.481013 0.056025 0.396624
25 0.651691 0.497890 0.056025 0.455696
0 0.709302 0.478903 0.061311 0.426160
6 0.764799 0.449367 0.043340 0.358650
2 0.819239 0.459916 0.057082 0.388186
1 0.869450 0.449367 0.039112 0.459916
6 0.922304 0.445148 0.051797 0.451477
7 0.974630 0.445148 0.046512 0.468354
