22 0.034543 0.550987 0.051640 0.871711
27 0.090195 0.541118 0.050593 0.891447
17 0.153350 0.491776 0.061759 0.753289
27 0.209700 0.503289 0.046057 0.881579
30 0.268842 0.498355 0.065248 0.976974
5 0.330775 0.516447 0.058618 0.967105
8 0.386253 0.519737 0.053036 0.914474
9 0.442603 0.519737 0.057572 0.953947
0 0.503838 0.529605 0.049546 0.914474
20 0.550768 0.503289 0.055478 0.986842
25 0.616539 0.508224 0.058618 0.891447
1 0.669400 0.501645 0.040823 0.996711
0 0.734299 0.501645 0.053385 0.996711
2 0.793440 0.500000 0.052338 0.993421
3 0.853454 0.476974 0.057223 0.934211
4 0.908060 0.491776 0.056176 0.944079
4 0.967027 0.509868 0.059665 0.934211
