22 0.124088 0.512438 0.047040 0.497512
27 0.172344 0.542289 0.046229 0.567164
17 0.223439 0.547264 0.049473 0.557214
27 0.270479 0.537313 0.042985 0.557214
30 0.322384 0.577114 0.047851 0.567164
5 0.373479 0.574627 0.049473 0.522388
8 0.421330 0.574627 0.042985 0.582090
7 0.470397 0.601990 0.040552 0.577114
0 0.516626 0.599502 0.050284 0.562189
20 0.565288 0.601990 0.037307 0.527363
25 0.613139 0.629353 0.047040 0.592040
1 0.660989 0.646766 0.037307 0.706468
0 0.711273 0.644279 0.055150 0.651741
1 0.757097 0.664179 0.036496 0.671642
3 0.803325 0.631841 0.049473 0.676617
5 0.853609 0.674129 0.051095 0.502488
7 0.902271 0.674129 0.057583 0.562189
