22 0.057657 0.625000 0.065498 0.500000
27 0.125000 0.602679 0.065498 0.544643
17 0.190959 0.564732 0.066421 0.495536
27 0.250923 0.569196 0.057196 0.504464
32 0.312731 0.551339 0.068266 0.549107
6 0.375923 0.533482 0.054428 0.540179
8 0.434963 0.542411 0.056273 0.620536
3 0.493542 0.482143 0.057196 0.500000
0 0.551661 0.482143 0.051661 0.526786
20 0.602860 0.450893 0.052583 0.491071
25 0.659594 0.462054 0.060886 0.504464
1 0.718635 0.435268 0.042435 0.558036
0 0.768911 0.419643 0.050738 0.580357
2 0.822878 0.424107 0.049815 0.544643
5 0.874077 0.392857 0.047048 0.526786
0 0.927583 0.366071 0.047048 0.500000
2 0.976015 0.339286 0.047970 0.500000
