22 0.090782 0.566540 0.058659 0.380228
27 0.148045 0.553232 0.054004 0.384030
17 0.208101 0.547529 0.060521 0.425856
27 0.264898 0.517110 0.049348 0.387833
32 0.316574 0.480989 0.061453 0.346008
6 0.378492 0.513308 0.058659 0.425856
8 0.429702 0.484791 0.049348 0.384030
3 0.486499 0.480989 0.054935 0.414449
0 0.538175 0.463878 0.052142 0.418251
20 0.587058 0.429658 0.047486 0.365019
25 0.638734 0.427757 0.050279 0.399240
1 0.685754 0.423954 0.036313 0.444867
0 0.737896 0.397338 0.051210 0.406844
2 0.788641 0.380228 0.044693 0.410646
5 0.835661 0.365019 0.058659 0.395437
2 0.888268 0.374525 0.042831 0.384030
2 0.941341 0.366920 0.054004 0.338403
