22 0.040294 0.488854 0.053959 0.487261
27 0.099509 0.480892 0.061668 0.477707
17 0.157673 0.455414 0.054660 0.477707
27 0.211983 0.500000 0.058164 0.528662
30 0.271899 0.488854 0.051857 0.519108
5 0.332165 0.447452 0.057463 0.461783
8 0.389979 0.479299 0.058164 0.519108
3 0.448493 0.487261 0.051857 0.522293
0 0.506307 0.495223 0.055361 0.538217
20 0.560967 0.436306 0.055361 0.452229
25 0.620533 0.479299 0.059566 0.519108
0 0.677996 0.476115 0.055361 0.512739
6 0.735109 0.480892 0.058865 0.503185
0 0.791521 0.466561 0.055361 0.480892
2 0.847933 0.500000 0.053259 0.560510
0 0.909951 0.463376 0.062369 0.436306
9 0.972320 0.455414 0.055361 0.407643
