22 0.112234 0.693396 0.045745 0.301887
27 0.152660 0.707547 0.041489 0.367925
17 0.195745 0.679245 0.042553 0.358491
27 0.237234 0.660377 0.038298 0.349057
32 0.280319 0.625000 0.043617 0.363208
1 0.324468 0.615566 0.029787 0.400943
8 0.371809 0.625000 0.039362 0.429245
8 0.418085 0.613208 0.040426 0.405660
0 0.463830 0.577830 0.046809 0.429245
20 0.511702 0.558962 0.044681 0.438679
25 0.561170 0.561321 0.047872 0.443396
0 0.612766 0.549528 0.048936 0.448113
5 0.662234 0.540094 0.045745 0.485849
0 0.714362 0.490566 0.052128 0.377358
2 0.767553 0.485849 0.058511 0.433962
5 0.823936 0.459906 0.047872 0.419811
6 0.878723 0.445755 0.055319 0.400943
