22 0.099834 0.776680 0.065452 0.446640
27 0.155344 0.703557 0.053853 0.411067
17 0.218310 0.693676 0.058824 0.478261
27 0.275891 0.673913 0.061309 0.446640
32 0.334300 0.636364 0.050539 0.458498
1 0.385667 0.624506 0.045568 0.505929
8 0.443248 0.594862 0.041425 0.446640
8 0.497100 0.575099 0.049710 0.462451
0 0.546396 0.551383 0.040597 0.478261
20 0.594863 0.515810 0.051367 0.422925
25 0.647059 0.511858 0.056338 0.446640
0 0.699254 0.515810 0.053024 0.533597
5 0.751450 0.462451 0.051367 0.474308
0 0.794118 0.432806 0.035626 0.438735
2 0.833057 0.428854 0.048882 0.407115
5 0.881524 0.424901 0.053024 0.422925
4 0.930406 0.411067 0.057995 0.426877
