22 0.032823 0.615000 0.056893 0.470000
27 0.091904 0.600000 0.056893 0.460000
17 0.155361 0.605000 0.061269 0.490000
27 0.216630 0.595000 0.056893 0.450000
32 0.280088 0.585000 0.061269 0.430000
2 0.341357 0.575000 0.052516 0.450000
8 0.398249 0.565000 0.056893 0.450000
5 0.457330 0.570000 0.061269 0.440000
0 0.513129 0.565000 0.054705 0.450000
20 0.568928 0.575000 0.056893 0.470000
25 0.629103 0.585000 0.054705 0.510000
0 0.687090 0.530000 0.056893 0.400000
6 0.743982 0.555000 0.056893 0.450000
2 0.803063 0.560000 0.052516 0.440000
1 0.853392 0.555000 0.039387 0.550000
7 0.908096 0.565000 0.056893 0.530000
7 0.964989 0.580000 0.052516 0.560000
