22 0.029587 0.586397 0.050437 0.827206
27 0.087371 0.569853 0.050040 0.860294
17 0.149722 0.560662 0.061160 0.819853
27 0.206315 0.560662 0.054408 0.841912
32 0.268070 0.580882 0.055600 0.838235
3 0.327840 0.549632 0.048054 0.900735
8 0.384035 0.533088 0.044480 0.933824
6 0.444797 0.558824 0.059571 0.882353
0 0.503574 0.527574 0.054011 0.944853
20 0.557784 0.538603 0.051231 0.922794
25 0.615568 0.538603 0.051628 0.922794
0 0.675338 0.533088 0.059968 0.933824
4 0.734512 0.522059 0.046465 0.955882
0 0.793090 0.523897 0.065925 0.915441
0 0.850477 0.527574 0.048848 0.944853
6 0.914813 0.507353 0.052820 0.985294
2 0.968229 0.509191 0.055600 0.966912
