22 0.081295 0.533439 0.054536 0.468153
27 0.135321 0.484076 0.053517 0.452229
17 0.192915 0.488854 0.053517 0.474522
27 0.249745 0.498408 0.050968 0.468153
30 0.306065 0.490446 0.055556 0.509554
5 0.361366 0.493631 0.051988 0.503185
8 0.418451 0.472930 0.048930 0.461783
7 0.471203 0.452229 0.045362 0.445860
0 0.520897 0.466561 0.047910 0.519108
20 0.575178 0.466561 0.056575 0.544586
25 0.633028 0.463376 0.059123 0.525478
1 0.680428 0.490446 0.031600 0.522293
0 0.737258 0.472930 0.047401 0.531847
1 0.784913 0.461783 0.031600 0.636943
3 0.838685 0.469745 0.048420 0.582803
7 0.887870 0.425159 0.051988 0.601911
7 0.949541 0.479299 0.060143 0.601911
