22 0.035714 0.494681 0.058442 0.414894
27 0.093074 0.494681 0.060606 0.414894
17 0.155844 0.500000 0.056277 0.425532
27 0.208874 0.500000 0.049784 0.446809
32 0.267316 0.505319 0.054113 0.436170
2 0.327922 0.542553 0.054113 0.489362
8 0.384199 0.553191 0.054113 0.510638
5 0.440476 0.553191 0.058442 0.510638
0 0.498918 0.553191 0.054113 0.531915
20 0.554113 0.558511 0.051948 0.500000
25 0.610390 0.563830 0.056277 0.553191
0 0.673160 0.574468 0.051948 0.510638
6 0.732684 0.606383 0.058442 0.617021
2 0.793290 0.617021 0.054113 0.617021
1 0.851732 0.643617 0.049784 0.627660
7 0.904762 0.627660 0.051948 0.574468
7 0.966450 0.648936 0.067100 0.595745
