22 0.032886 0.563380 0.059387 0.873239
27 0.088761 0.533803 0.052363 0.836620
17 0.150862 0.533803 0.060345 0.774648
27 0.212963 0.523944 0.056833 0.794366
30 0.274585 0.508451 0.054917 0.904225
5 0.334451 0.533803 0.058429 0.876056
8 0.396073 0.518310 0.055875 0.907042
9 0.453704 0.518310 0.047893 0.963380
0 0.509898 0.522535 0.051086 0.954930
20 0.566571 0.508451 0.054598 0.904225
25 0.628512 0.514085 0.055875 0.915493
1 0.684387 0.512676 0.039911 0.974648
0 0.746648 0.522535 0.052682 0.915493
2 0.806034 0.488732 0.050128 0.864789
3 0.859515 0.498592 0.054917 0.907042
4 0.917146 0.502817 0.046935 0.915493
5 0.969029 0.514085 0.054917 0.954930
