22 0.030999 0.533333 0.054344 0.831373
27 0.088595 0.515686 0.056257 0.796078
17 0.147914 0.488235 0.056257 0.803922
27 0.209338 0.488235 0.050517 0.803922
32 0.267891 0.511765 0.055109 0.898039
1 0.327210 0.517647 0.040566 0.886275
8 0.387868 0.545098 0.065442 0.901961
4 0.451206 0.525490 0.048220 0.949020
0 0.503444 0.519608 0.055492 0.960784
20 0.560658 0.523529 0.048220 0.945098
25 0.617489 0.464706 0.056257 0.921569
0 0.680253 0.507843 0.047072 0.984314
6 0.739763 0.507843 0.051282 0.984314
2 0.798507 0.519608 0.047072 0.960784
5 0.853999 0.511765 0.058553 0.968627
6 0.908343 0.488235 0.048603 0.968627
5 0.966322 0.501961 0.053578 0.996078
