22 0.079545 0.482353 0.051136 0.317647
27 0.128551 0.470588 0.046875 0.305882
17 0.175426 0.458824 0.046875 0.294118
27 0.220881 0.461765 0.044034 0.311765
30 0.269176 0.444118 0.052557 0.288235
5 0.315341 0.467647 0.042614 0.358824
8 0.362926 0.450000 0.041193 0.323529
7 0.407670 0.450000 0.036932 0.311765
0 0.452415 0.438235 0.044034 0.358824
20 0.500000 0.444118 0.045455 0.358824
25 0.547585 0.435294 0.041193 0.364706
1 0.590909 0.450000 0.039773 0.394118
0 0.642756 0.438235 0.044034 0.370588
1 0.692472 0.464706 0.038352 0.423529
3 0.740767 0.408824 0.046875 0.347059
7 0.788352 0.423529 0.045455 0.400000
9 0.838778 0.405882 0.049716 0.364706
