22 0.035332 0.481250 0.049251 0.250000
27 0.092077 0.481250 0.051392 0.300000
17 0.147752 0.450000 0.055675 0.250000
27 0.202355 0.456250 0.053533 0.250000
32 0.262313 0.440625 0.053533 0.293750
2 0.320128 0.443750 0.053533 0.312500
8 0.376874 0.418750 0.055675 0.287500
5 0.433619 0.418750 0.053533 0.275000
0 0.491435 0.412500 0.053533 0.287500
20 0.549251 0.406250 0.049251 0.287500
25 0.608137 0.415625 0.055675 0.306250
0 0.670236 0.400000 0.051392 0.275000
6 0.729122 0.396875 0.057816 0.268750
2 0.789079 0.409375 0.053533 0.318750
1 0.843683 0.387500 0.047109 0.325000
7 0.897216 0.375000 0.055675 0.350000
9 0.961456 0.393750 0.055675 0.400000
