22 0.032430 0.658879 0.063218 0.560748
27 0.092365 0.628505 0.055008 0.584112
17 0.154762 0.630841 0.061576 0.607477
27 0.216338 0.581776 0.071429 0.509346
32 0.282430 0.598131 0.054187 0.542056
2 0.337438 0.581776 0.054187 0.668224
8 0.387521 0.514019 0.064039 0.616822
5 0.446223 0.537383 0.051724 0.654206
0 0.502463 0.511682 0.055829 0.574766
20 0.553366 0.485981 0.047619 0.616822
25 0.602217 0.464953 0.050082 0.612150
0 0.655583 0.488318 0.053366 0.658879
6 0.705255 0.457944 0.049261 0.626168
2 0.754516 0.443925 0.054187 0.579439
1 0.805008 0.408879 0.040230 0.537383
6 0.852627 0.434579 0.048440 0.560748
6 0.899015 0.401869 0.045977 0.598131
37 0.947455 0.387850 0.057471 0.607477
