22 0.037473 0.651613 0.057816 0.309677
27 0.089936 0.612903 0.051392 0.270968
22 0.149893 0.606452 0.064240 0.258065
27 0.210921 0.609677 0.053533 0.277419
32 0.267666 0.580645 0.059957 0.258065
2 0.329764 0.593548 0.051392 0.296774
8 0.388651 0.570968 0.053533 0.264516
5 0.444325 0.574194 0.053533 0.309677
0 0.501071 0.580645 0.055675 0.309677
20 0.561028 0.558065 0.059957 0.303226
25 0.617773 0.548387 0.057816 0.309677
0 0.676660 0.535484 0.055675 0.335484
6 0.737687 0.529032 0.057816 0.322581
2 0.799786 0.532258 0.066381 0.316129
1 0.854390 0.519355 0.042827 0.316129
8 0.913276 0.496774 0.062099 0.309677
1 0.973233 0.503226 0.053533 0.348387
