22 0.039320 0.603376 0.068932 0.413502
27 0.107767 0.597046 0.066019 0.392405
17 0.173786 0.580169 0.056311 0.476793
27 0.236893 0.533755 0.060194 0.443038
32 0.302427 0.516878 0.059223 0.493671
2 0.360680 0.512658 0.055340 0.468354
8 0.423301 0.502110 0.056311 0.489451
5 0.482039 0.470464 0.059223 0.459916
0 0.538835 0.470464 0.054369 0.434599
20 0.595146 0.464135 0.056311 0.472574
25 0.652913 0.417722 0.049515 0.421941
0 0.709223 0.413502 0.057282 0.421941
6 0.764563 0.411392 0.049515 0.468354
0 0.818932 0.407173 0.055340 0.502110
4 0.871359 0.364979 0.047573 0.426160
2 0.922330 0.390295 0.054369 0.476793
1 0.975243 0.369198 0.043689 0.476793
