22 0.027311 0.324627 0.050420 0.350746
27 0.081933 0.332090 0.058824 0.350746
17 0.144958 0.365672 0.058824 0.358209
27 0.199580 0.373134 0.050420 0.373134
32 0.258403 0.361940 0.058824 0.350746
2 0.316176 0.410448 0.056723 0.358209
8 0.372899 0.429104 0.052521 0.425373
5 0.430672 0.458955 0.058824 0.425373
0 0.491597 0.481343 0.058824 0.425373
20 0.551471 0.507463 0.056723 0.388060
25 0.608193 0.503731 0.052521 0.380597
0 0.668067 0.526119 0.058824 0.350746
6 0.727941 0.548507 0.056723 0.410448
2 0.792017 0.567164 0.058824 0.432836
1 0.846639 0.578358 0.046218 0.470149
4 0.905462 0.608209 0.058824 0.514925
9 0.966387 0.630597 0.050420 0.500000
