22 0.099613 0.706897 0.056093 0.341693
27 0.147647 0.692790 0.052869 0.369906
17 0.203417 0.641066 0.049645 0.373041
27 0.253385 0.631661 0.050290 0.379310
30 0.305287 0.598746 0.049645 0.382445
5 0.358156 0.561129 0.053514 0.357367
8 0.407801 0.561129 0.048356 0.401254
7 0.457447 0.564263 0.048356 0.451411
0 0.508382 0.482759 0.039329 0.413793
20 0.550935 0.460815 0.052224 0.388715
25 0.604771 0.446708 0.052869 0.373041
1 0.654739 0.424765 0.040619 0.429467
0 0.710832 0.421630 0.048356 0.379310
1 0.759510 0.449843 0.043843 0.498433
3 0.808833 0.401254 0.047066 0.457680
7 0.856867 0.347962 0.050290 0.407524
5 0.909413 0.316614 0.054803 0.394984
