22 0.038073 0.687793 0.061468 0.483568
27 0.100000 0.669014 0.060550 0.474178
17 0.164679 0.638498 0.061468 0.507042
27 0.227523 0.619718 0.064220 0.469484
32 0.293578 0.568075 0.056881 0.488263
6 0.351376 0.558685 0.051376 0.507042
8 0.407339 0.525822 0.055046 0.497653
3 0.467890 0.481221 0.047706 0.511737
0 0.523853 0.460094 0.053211 0.497653
20 0.577523 0.455399 0.052294 0.507042
25 0.634404 0.415493 0.052294 0.502347
1 0.686239 0.373239 0.034862 0.521127
0 0.741284 0.333333 0.051376 0.488263
2 0.793578 0.323944 0.045872 0.507042
5 0.844954 0.286385 0.047706 0.535211
0 0.895413 0.258216 0.047706 0.460094
6 0.944954 0.248826 0.053211 0.469484
