22 0.059429 0.471088 0.053785 0.438776
27 0.111222 0.500000 0.047145 0.496599
17 0.167663 0.498299 0.055113 0.472789
27 0.219788 0.481293 0.050465 0.438776
32 0.279548 0.476190 0.050465 0.448980
1 0.330013 0.486395 0.037185 0.489796
8 0.384462 0.482993 0.049137 0.482993
7 0.439243 0.486395 0.055113 0.530612
0 0.493028 0.496599 0.048473 0.510204
20 0.544489 0.496599 0.051793 0.489796
25 0.599602 0.496599 0.054449 0.469388
0 0.656042 0.518707 0.051793 0.479592
8 0.714143 0.525510 0.056441 0.411565
3 0.770584 0.539116 0.049801 0.438776
9 0.828021 0.534014 0.058433 0.448980
1 0.879150 0.571429 0.039841 0.557823
3 0.942231 0.554422 0.079681 0.489796
