22 0.028184 0.559701 0.052192 0.223881
27 0.082463 0.562189 0.048017 0.218905
17 0.137787 0.562189 0.062630 0.218905
27 0.194154 0.567164 0.054280 0.238806
32 0.255741 0.549751 0.060543 0.203980
2 0.313152 0.564677 0.050104 0.243781
8 0.372651 0.559701 0.052192 0.253731
5 0.432150 0.564677 0.062630 0.273632
0 0.491649 0.564677 0.048017 0.283582
20 0.545929 0.559701 0.056367 0.233831
25 0.604384 0.582090 0.060543 0.258706
0 0.663883 0.557214 0.058455 0.218905
6 0.726514 0.567164 0.062630 0.248756
2 0.787056 0.569652 0.058455 0.253731
1 0.843424 0.577114 0.045929 0.278607
8 0.903967 0.574627 0.062630 0.243781
9 0.964509 0.567164 0.062630 0.228856
