22 0.033613 0.561905 0.050420 0.400000
27 0.088235 0.566667 0.054622 0.428571
17 0.144958 0.542857 0.058824 0.419048
27 0.204832 0.542857 0.052521 0.380952
32 0.263655 0.514286 0.060924 0.361905
2 0.323529 0.533333 0.054622 0.457143
8 0.381303 0.566667 0.052521 0.504762
5 0.435924 0.523810 0.056723 0.419048
0 0.493697 0.523810 0.063025 0.400000
20 0.548319 0.519048 0.063025 0.428571
25 0.611345 0.552381 0.054622 0.495238
0 0.671218 0.495238 0.056723 0.380952
6 0.728992 0.547619 0.054622 0.504762
2 0.787815 0.528571 0.067227 0.447619
1 0.845588 0.557143 0.048319 0.561905
5 0.901261 0.509524 0.063025 0.466667
5 0.965336 0.509524 0.060924 0.466667
