22 0.048271 0.359532 0.053314 0.371237
27 0.104467 0.372910 0.054755 0.397993
17 0.166066 0.384615 0.059798 0.408027
27 0.224424 0.426421 0.054035 0.384615
30 0.283862 0.446488 0.056196 0.418060
5 0.338977 0.471572 0.054035 0.408027
8 0.395533 0.486622 0.063401 0.424749
7 0.452450 0.551839 0.050432 0.461538
0 0.505764 0.555184 0.056196 0.454849
20 0.557997 0.561873 0.048271 0.441472
25 0.610951 0.585284 0.059078 0.508361
1 0.670389 0.653846 0.033862 0.558528
0 0.722262 0.650502 0.052594 0.471572
1 0.777738 0.678930 0.043948 0.494983
3 0.829611 0.680602 0.054035 0.464883
5 0.881844 0.678930 0.051873 0.494983
5 0.935879 0.714047 0.060519 0.418060
