22 0.056777 0.777228 0.062271 0.445545
27 0.111722 0.762376 0.051282 0.475248
17 0.166667 0.727723 0.058608 0.465347
27 0.218864 0.702970 0.045788 0.415842
32 0.273810 0.688119 0.053114 0.485149
6 0.325092 0.683168 0.049451 0.554455
8 0.376374 0.673267 0.045788 0.574257
3 0.427656 0.643564 0.049451 0.514851
0 0.479853 0.613861 0.043956 0.514851
20 0.527473 0.589109 0.043956 0.504950
25 0.576007 0.559406 0.049451 0.504950
1 0.630037 0.539604 0.043956 0.524752
0 0.683150 0.529703 0.047619 0.603960
2 0.729853 0.490099 0.045788 0.504950
4 0.779304 0.455446 0.045788 0.574257
9 0.825092 0.415842 0.049451 0.574257
6 0.877289 0.405941 0.051282 0.475248
