22 0.034440 0.545276 0.054772 0.775591
27 0.090664 0.549213 0.059336 0.807087
17 0.156224 0.523622 0.056017 0.881890
27 0.207261 0.537402 0.046058 0.893701
32 0.263900 0.498031 0.063071 0.830709
6 0.325519 0.501969 0.056017 0.925197
8 0.381328 0.513780 0.053112 0.972441
3 0.435062 0.519685 0.060166 0.960630
0 0.496473 0.507874 0.052697 0.984252
20 0.553320 0.503937 0.056017 0.992126
25 0.611411 0.478346 0.056017 0.948819
1 0.671784 0.507874 0.048963 0.984252
0 0.732365 0.513780 0.062241 0.972441
3 0.791701 0.529528 0.043983 0.940945
0 0.847718 0.501969 0.057261 0.925197
5 0.908506 0.519685 0.057676 0.960630
9 0.965353 0.519685 0.055187 0.960630
