22 0.058691 0.373786 0.065463 0.475728
27 0.119639 0.356796 0.063205 0.451456
17 0.190181 0.373786 0.066591 0.475728
27 0.253386 0.393204 0.057562 0.504854
32 0.317156 0.400485 0.065463 0.480583
6 0.377540 0.422330 0.055305 0.533981
8 0.439616 0.429612 0.053047 0.500000
3 0.492664 0.444175 0.053047 0.519417
0 0.548533 0.463592 0.049661 0.529126
20 0.602144 0.434466 0.055305 0.470874
25 0.659707 0.468447 0.059819 0.509709
1 0.710497 0.483010 0.046275 0.519417
0 0.764673 0.485437 0.050790 0.514563
2 0.814898 0.495146 0.051919 0.533981
5 0.861738 0.495146 0.048533 0.514563
1 0.909142 0.490291 0.044018 0.475728
6 0.961061 0.533981 0.059819 0.543689
