22 0.062607 0.287234 0.063465 0.375887
27 0.122642 0.304965 0.053173 0.411348
17 0.183533 0.329787 0.054889 0.404255
27 0.240137 0.347518 0.051458 0.397163
30 0.297599 0.361702 0.060034 0.397163
5 0.353345 0.400709 0.051458 0.418440
8 0.413379 0.439716 0.054889 0.411348
7 0.468268 0.446809 0.044597 0.453901
0 0.520583 0.475177 0.049743 0.439716
20 0.573756 0.482270 0.046312 0.439716
25 0.629503 0.514184 0.065180 0.460993
1 0.684391 0.528369 0.034305 0.418440
0 0.740137 0.556738 0.046312 0.432624
1 0.789880 0.578014 0.036021 0.489362
3 0.841338 0.599291 0.056604 0.446809
6 0.894511 0.606383 0.046312 0.460993
3 0.949400 0.627660 0.056604 0.432624
