22 0.045236 0.531707 0.056203 0.575610
27 0.104181 0.524390 0.057574 0.600000
17 0.159013 0.507317 0.054832 0.653659
27 0.209733 0.526829 0.047978 0.585366
32 0.270048 0.534146 0.056203 0.707317
1 0.320425 0.531707 0.040439 0.751220
8 0.371830 0.514634 0.054147 0.619512
7 0.426662 0.546341 0.045922 0.702439
0 0.484236 0.558537 0.054147 0.707317
20 0.535984 0.546341 0.049349 0.682927
25 0.591501 0.546341 0.061686 0.770732
0 0.652159 0.536585 0.052776 0.702439
8 0.710418 0.553659 0.061001 0.736585
3 0.764222 0.546341 0.056203 0.673171
9 0.816998 0.563415 0.049349 0.834146
1 0.868060 0.546341 0.045922 0.800000
2 0.932145 0.570732 0.068540 0.829268
