22 0.031116 0.611111 0.057940 0.303704
27 0.085837 0.618519 0.051502 0.303704
17 0.141631 0.600000 0.051502 0.325926
27 0.197425 0.603704 0.047210 0.348148
32 0.256438 0.600000 0.053648 0.340741
2 0.316524 0.640741 0.057940 0.377778
8 0.374464 0.629630 0.049356 0.355556
5 0.431330 0.637037 0.060086 0.355556
0 0.488197 0.618519 0.053648 0.333333
20 0.546137 0.633333 0.066524 0.348148
25 0.604077 0.633333 0.057940 0.333333
0 0.664163 0.651852 0.062232 0.355556
6 0.723176 0.644444 0.055794 0.355556
2 0.783262 0.662963 0.068670 0.437037
1 0.845494 0.625926 0.047210 0.348148
8 0.905579 0.640741 0.068670 0.392593
3 0.966738 0.651852 0.049356 0.400000
