22 0.039303 0.584795 0.064677 0.573099
27 0.100995 0.564327 0.050746 0.578947
17 0.169652 0.552632 0.070647 0.567251
27 0.235323 0.570175 0.064677 0.637427
32 0.303483 0.546784 0.059701 0.567251
2 0.364179 0.578947 0.059701 0.608187
8 0.430348 0.578947 0.068657 0.619883
5 0.490547 0.558480 0.061692 0.578947
0 0.545771 0.590643 0.046766 0.643275
20 0.600498 0.564327 0.054726 0.649123
25 0.657214 0.578947 0.054726 0.654971
0 0.713930 0.596491 0.054726 0.666667
6 0.767662 0.590643 0.046766 0.654971
2 0.822886 0.593567 0.055721 0.625731
1 0.872637 0.573099 0.039801 0.666667
5 0.923881 0.540936 0.060697 0.625731
9 0.977612 0.578947 0.044776 0.690058
