22 0.036429 0.681818 0.055714 0.468531
27 0.095000 0.660839 0.061429 0.510490
17 0.155714 0.643357 0.054286 0.517483
27 0.214286 0.622378 0.062857 0.503497
32 0.275000 0.625874 0.055714 0.566434
2 0.334286 0.601399 0.060000 0.587413
8 0.394286 0.576923 0.051429 0.510490
5 0.450714 0.566434 0.064286 0.573427
0 0.510714 0.552448 0.052857 0.531469
20 0.563571 0.531469 0.055714 0.573427
25 0.618571 0.527972 0.060000 0.538462
0 0.679286 0.510490 0.058571 0.573427
6 0.735000 0.496503 0.055714 0.601399
2 0.797143 0.482517 0.057143 0.531469
1 0.849286 0.461538 0.055714 0.531469
7 0.907857 0.447552 0.061429 0.601399
5 0.966429 0.447552 0.055714 0.601399
