22 0.043656 0.329787 0.065484 0.617021
27 0.108458 0.358156 0.064120 0.631206
17 0.181446 0.358156 0.070941 0.631206
27 0.246930 0.386525 0.065484 0.687943
32 0.315143 0.382979 0.065484 0.709220
2 0.384038 0.390071 0.061392 0.709220
8 0.446794 0.404255 0.058663 0.737589
5 0.502046 0.421986 0.054570 0.773050
0 0.554570 0.436170 0.058663 0.787234
20 0.612551 0.500000 0.054570 0.744681
25 0.666439 0.507092 0.055935 0.787234
0 0.726467 0.563830 0.061392 0.815603
6 0.780355 0.489362 0.051842 0.709220
2 0.832879 0.553191 0.053206 0.723404
1 0.875853 0.521277 0.038199 0.617021
7 0.924284 0.556738 0.050477 0.687943
3 0.974761 0.549645 0.050477 0.716312
