22 0.029033 0.574007 0.057332 0.851986
27 0.085447 0.536101 0.051819 0.927798
17 0.149026 0.492780 0.054759 0.906137
27 0.207828 0.514440 0.051819 0.971119
32 0.273245 0.509025 0.062110 0.916968
1 0.327086 0.541516 0.041161 0.916968
8 0.391951 0.530686 0.061374 0.938628
4 0.450202 0.514440 0.046307 0.971119
0 0.509372 0.503610 0.051452 0.927798
20 0.567255 0.509025 0.055494 0.960289
25 0.624587 0.498195 0.050349 0.981949
0 0.686329 0.503610 0.055494 0.949458
6 0.742742 0.509025 0.052187 0.938628
2 0.799890 0.509025 0.051084 0.960289
5 0.856854 0.503610 0.051084 0.949458
6 0.915288 0.514440 0.056964 0.906137
7 0.972437 0.456679 0.055127 0.898917
