22 0.028833 0.552013 0.053446 0.822148
27 0.081224 0.520134 0.051336 0.885906
17 0.144515 0.503356 0.061181 0.879195
27 0.206224 0.513423 0.058017 0.899329
32 0.268108 0.498322 0.056610 0.909396
1 0.323664 0.513423 0.043249 0.899329
8 0.379219 0.520134 0.061533 0.845638
4 0.440225 0.526846 0.040084 0.946309
0 0.500000 0.503356 0.066807 0.899329
20 0.559951 0.501678 0.053094 0.996644
25 0.615506 0.521812 0.048172 0.956376
0 0.673523 0.520134 0.053094 0.953020
6 0.738221 0.531879 0.067159 0.909396
2 0.797117 0.498322 0.055556 0.949664
5 0.853200 0.488255 0.056610 0.969799
6 0.913502 0.501678 0.059072 0.996644
3 0.969937 0.473154 0.055204 0.939597
