22 0.129279 0.686975 0.062162 0.457983
27 0.187838 0.653361 0.054955 0.457983
17 0.247748 0.649160 0.059459 0.508403
27 0.299099 0.615546 0.046847 0.474790
32 0.359009 0.617647 0.062162 0.512605
1 0.404955 0.560924 0.040541 0.483193
8 0.454505 0.550420 0.058559 0.504202
8 0.510811 0.544118 0.052252 0.533613
0 0.558108 0.529412 0.047748 0.521008
20 0.608108 0.502101 0.055856 0.508403
25 0.651802 0.462185 0.045946 0.462185
0 0.700450 0.472689 0.051351 0.525210
5 0.746847 0.453782 0.048649 0.504202
0 0.794144 0.436975 0.045946 0.512605
2 0.839640 0.474790 0.045045 0.588235
5 0.880631 0.409664 0.044144 0.491597
2 0.921622 0.397059 0.052252 0.508403
