22 0.034014 0.541096 0.056823 0.869863
27 0.094038 0.522260 0.064826 0.928082
17 0.156263 0.501712 0.057223 0.832192
27 0.216487 0.517123 0.058423 0.938356
30 0.278111 0.513699 0.058423 0.972603
5 0.335934 0.508562 0.057223 0.900685
8 0.391357 0.469178 0.058423 0.821918
9 0.452381 0.503425 0.054822 0.910959
0 0.509604 0.477740 0.054822 0.859589
20 0.566427 0.518836 0.054022 0.962329
25 0.620848 0.518836 0.058023 0.962329
1 0.680472 0.522260 0.051621 0.948630
0 0.745098 0.508562 0.061625 0.982877
2 0.801721 0.472603 0.049220 0.910959
3 0.857143 0.488014 0.059224 0.941781
1 0.910964 0.494863 0.043617 0.982877
4 0.964186 0.513699 0.049220 0.972603
