22 0.080986 0.658537 0.057121 0.624390
27 0.135368 0.612195 0.053208 0.590244
17 0.190923 0.607317 0.054773 0.551220
27 0.245305 0.651220 0.057121 0.629268
30 0.296948 0.592683 0.052426 0.609756
5 0.353678 0.617073 0.054773 0.668293
8 0.405321 0.585366 0.050078 0.634146
7 0.454617 0.590244 0.053208 0.653659
0 0.509390 0.568293 0.050078 0.629268
20 0.559859 0.575610 0.047731 0.624390
25 0.611894 0.546341 0.054773 0.643902
1 0.665884 0.568293 0.050078 0.697561
0 0.723396 0.563415 0.055556 0.687805
1 0.779343 0.548780 0.046948 0.600000
3 0.828247 0.534146 0.052426 0.570732
5 0.881064 0.504878 0.056338 0.658537
1 0.934664 0.524390 0.044601 0.668293
