22 0.040057 0.331126 0.062947 0.609272
27 0.108011 0.331126 0.058655 0.569536
17 0.177396 0.337748 0.062947 0.543046
27 0.242489 0.357616 0.067239 0.596026
32 0.310443 0.367550 0.062947 0.602649
2 0.374106 0.400662 0.058655 0.615894
8 0.430615 0.427152 0.054363 0.615894
5 0.492132 0.443709 0.065808 0.635762
0 0.551502 0.463576 0.050072 0.649007
20 0.607296 0.480132 0.052933 0.602649
25 0.663090 0.500000 0.055794 0.615894
0 0.714592 0.503311 0.050072 0.635762
6 0.772532 0.556291 0.057225 0.596026
2 0.826896 0.546358 0.057225 0.523179
1 0.879828 0.572848 0.042918 0.536424
9 0.926323 0.602649 0.047210 0.569536
7 0.972103 0.629139 0.038627 0.582781
