22 0.103230 0.522959 0.051966 0.331633
27 0.155197 0.522959 0.049157 0.311224
17 0.207163 0.535714 0.043539 0.346939
27 0.252107 0.533163 0.049157 0.331633
30 0.306180 0.528061 0.058989 0.331633
5 0.358848 0.545918 0.046348 0.387755
8 0.408006 0.563776 0.051966 0.311224
7 0.457865 0.561224 0.044944 0.346939
0 0.508427 0.576531 0.050562 0.357143
20 0.556180 0.581633 0.047753 0.357143
25 0.608848 0.586735 0.049157 0.326531
1 0.650983 0.586735 0.040730 0.336735
0 0.710674 0.596939 0.056180 0.367347
1 0.758427 0.627551 0.033708 0.397959
3 0.805478 0.635204 0.043539 0.403061
5 0.856039 0.607143 0.051966 0.346939
9 0.910815 0.617347 0.040730 0.367347
