22 0.030268 0.561567 0.054406 0.876866
27 0.084100 0.555970 0.055556 0.888060
17 0.148467 0.541045 0.054023 0.917910
27 0.206130 0.531716 0.052107 0.921642
32 0.265326 0.518657 0.055556 0.962687
1 0.326245 0.509328 0.039464 0.944030
8 0.389272 0.492537 0.062069 0.977612
4 0.448851 0.503731 0.048659 0.977612
0 0.504789 0.524254 0.051724 0.951493
20 0.562261 0.498134 0.056322 0.966418
25 0.621264 0.513060 0.052490 0.973881
0 0.681226 0.503731 0.055172 0.977612
6 0.744061 0.503731 0.062069 0.910448
2 0.800000 0.503731 0.047510 0.977612
5 0.857280 0.509328 0.058621 0.944030
6 0.918774 0.509328 0.062069 0.899254
4 0.975862 0.513060 0.045211 0.973881
