22 0.041069 0.328431 0.066493 0.460784
27 0.104302 0.333333 0.057366 0.480392
17 0.170143 0.360294 0.061278 0.485294
27 0.232725 0.377451 0.061278 0.500000
32 0.299218 0.404412 0.063885 0.534314
2 0.365059 0.441176 0.057366 0.411765
8 0.425033 0.460784 0.057366 0.480392
5 0.481095 0.482843 0.054759 0.524510
0 0.541069 0.495098 0.067797 0.549020
20 0.601043 0.514706 0.057366 0.441176
25 0.656454 0.539216 0.058670 0.441176
0 0.713168 0.556373 0.057366 0.436275
6 0.767275 0.593137 0.056063 0.450980
2 0.822686 0.615196 0.049544 0.436275
1 0.876793 0.656863 0.045632 0.490196
7 0.922425 0.674020 0.045632 0.514706
9 0.973272 0.713235 0.045632 0.573529
