22 0.033543 0.517647 0.054507 0.270588
27 0.088050 0.500000 0.062893 0.282353
17 0.148847 0.511765 0.062893 0.282353
27 0.206499 0.520588 0.052411 0.311765
32 0.264151 0.505882 0.067086 0.317647
2 0.324948 0.505882 0.050314 0.341176
8 0.379455 0.508824 0.058700 0.300000
5 0.437107 0.520588 0.060797 0.323529
0 0.494759 0.555882 0.062893 0.417647
20 0.554507 0.547059 0.056604 0.364706
25 0.613208 0.520588 0.064990 0.300000
0 0.671908 0.526471 0.056604 0.300000
6 0.727463 0.520588 0.062893 0.323529
2 0.786164 0.523529 0.058700 0.317647
1 0.840671 0.529412 0.054507 0.341176
8 0.904612 0.544118 0.056604 0.358824
7 0.963312 0.555882 0.060797 0.405882
