22 0.042433 0.292308 0.067893 0.410256
27 0.109618 0.300000 0.060820 0.425641
17 0.181754 0.323077 0.074965 0.502564
27 0.245403 0.348718 0.063649 0.461538
32 0.317539 0.397436 0.069307 0.466667
2 0.377652 0.417949 0.062235 0.435897
8 0.439180 0.433333 0.066478 0.476923
5 0.496464 0.441026 0.056577 0.471795
0 0.557992 0.494872 0.066478 0.415385
20 0.614569 0.512821 0.046676 0.410256
25 0.661952 0.553846 0.056577 0.451282
0 0.722772 0.569231 0.065064 0.420513
3 0.777228 0.589744 0.043847 0.410256
2 0.830269 0.630769 0.059406 0.492308
1 0.880481 0.628205 0.043847 0.497436
5 0.925035 0.628205 0.048091 0.476923
5 0.972419 0.635897 0.052334 0.523077
