22 0.034615 0.219697 0.063077 0.398990
27 0.099231 0.229798 0.060000 0.439394
17 0.170769 0.287879 0.064615 0.454545
27 0.235385 0.308081 0.064615 0.414141
32 0.299231 0.353535 0.053846 0.444444
2 0.359231 0.393939 0.060000 0.474747
8 0.423077 0.439394 0.061538 0.464646
5 0.482308 0.459596 0.050769 0.454545
0 0.536154 0.487374 0.050769 0.500000
20 0.592308 0.510101 0.058462 0.434343
25 0.651538 0.550505 0.053846 0.434343
0 0.708462 0.585859 0.047692 0.383838
6 0.758462 0.638889 0.055385 0.459596
2 0.812308 0.641414 0.052308 0.464646
1 0.862308 0.694444 0.032308 0.439394
7 0.910769 0.719697 0.049231 0.489899
7 0.966154 0.734848 0.058462 0.510101
