22 0.047350 0.717742 0.072111 0.540323
27 0.115552 0.677419 0.059079 0.532258
17 0.183753 0.657258 0.059948 0.580645
27 0.246742 0.633065 0.071242 0.532258
32 0.309296 0.627016 0.057341 0.568548
6 0.370547 0.614919 0.065161 0.552419
8 0.430061 0.582661 0.053866 0.479839
3 0.488271 0.564516 0.055604 0.483871
0 0.543440 0.556452 0.056473 0.500000
20 0.598175 0.556452 0.059948 0.524194
25 0.652476 0.504032 0.052129 0.451613
1 0.708080 0.540323 0.050391 0.548387
0 0.758036 0.500000 0.063423 0.564516
2 0.812337 0.473790 0.046916 0.520161
5 0.860990 0.467742 0.052129 0.572581
0 0.910513 0.429435 0.048653 0.528226
8 0.963510 0.421371 0.062554 0.520161
