22 0.037676 0.392405 0.072797 0.556962
27 0.102171 0.389241 0.066411 0.613924
17 0.171775 0.405063 0.072797 0.632911
27 0.230524 0.325949 0.057471 0.500000
32 0.297573 0.360759 0.071520 0.620253
2 0.363985 0.373418 0.058748 0.582278
8 0.422733 0.408228 0.058748 0.626582
5 0.482759 0.392405 0.058748 0.632911
0 0.542146 0.398734 0.054917 0.607595
20 0.595147 0.398734 0.051086 0.620253
25 0.650702 0.405063 0.057471 0.645570
0 0.707535 0.389241 0.056194 0.613924
6 0.763091 0.376582 0.060026 0.626582
2 0.817369 0.395570 0.045977 0.689873
1 0.865900 0.411392 0.048531 0.696203
6 0.915709 0.389241 0.048531 0.613924
5 0.969349 0.398734 0.056194 0.658228
