22 0.042110 0.506550 0.064860 0.611354
27 0.106970 0.497817 0.068732 0.646288
17 0.177638 0.510917 0.068732 0.655022
27 0.242982 0.510917 0.058083 0.602620
32 0.305421 0.467249 0.060987 0.541485
6 0.367377 0.517467 0.064860 0.563319
8 0.430300 0.524017 0.060987 0.585153
3 0.488383 0.506550 0.053243 0.558952
0 0.545015 0.524017 0.065828 0.593886
20 0.599226 0.515284 0.052275 0.567686
25 0.654405 0.532751 0.060019 0.628821
1 0.711036 0.552402 0.041626 0.641921
0 0.762343 0.558952 0.055179 0.593886
2 0.818006 0.600437 0.056147 0.676856
5 0.876089 0.574236 0.061955 0.545852
1 0.919652 0.545852 0.048403 0.480349
4 0.973863 0.550218 0.052275 0.576419
