22 0.057766 0.203422 0.056483 0.384030
27 0.116816 0.247148 0.048780 0.410646
17 0.181001 0.342205 0.064185 0.486692
27 0.240051 0.321293 0.048780 0.368821
32 0.296534 0.391635 0.059050 0.403042
6 0.360719 0.427757 0.056483 0.406844
8 0.414634 0.500000 0.048780 0.422053
3 0.467266 0.528517 0.053915 0.387833
0 0.520539 0.560837 0.044929 0.391635
27 0.569320 0.614068 0.050064 0.467681
25 0.630295 0.636882 0.061617 0.406844
1 0.680359 0.663498 0.043646 0.300380
0 0.723363 0.703422 0.044929 0.334601
2 0.770860 0.752852 0.047497 0.380228
5 0.819641 0.750951 0.042362 0.346008
2 0.863928 0.806084 0.041078 0.357414
3 0.915918 0.828897 0.055199 0.281369
