22 0.029044 0.496310 0.054861 0.881919
27 0.082291 0.522140 0.049213 0.933579
17 0.146228 0.501845 0.064946 0.892989
27 0.206535 0.501845 0.051634 0.974170
32 0.264825 0.501845 0.058491 0.915129
6 0.321501 0.522140 0.052441 0.955720
8 0.382614 0.527675 0.056071 0.944649
3 0.437878 0.470480 0.050424 0.830258
0 0.497983 0.511070 0.056071 0.830258
20 0.556071 0.516605 0.056071 0.944649
25 0.613150 0.518450 0.058088 0.963100
1 0.671843 0.512915 0.052037 0.974170
0 0.733159 0.527675 0.064946 0.922509
3 0.795280 0.533210 0.056878 0.933579
0 0.856999 0.522140 0.059298 0.955720
5 0.912061 0.516605 0.057281 0.922509
9 0.970553 0.522140 0.053247 0.955720
