22 0.113272 0.523697 0.043478 0.355450
27 0.153890 0.511848 0.040046 0.388626
17 0.199657 0.511848 0.044622 0.398104
27 0.241419 0.497630 0.038902 0.407583
32 0.292906 0.504739 0.057208 0.421801
1 0.339245 0.476303 0.035469 0.383886
8 0.386156 0.504739 0.046911 0.402844
8 0.432494 0.495261 0.043478 0.526066
0 0.482265 0.485782 0.046911 0.440758
20 0.528604 0.495261 0.045767 0.469194
25 0.578947 0.485782 0.048055 0.478673
0 0.632151 0.481043 0.053776 0.431280
5 0.685927 0.485782 0.058352 0.545024
0 0.746568 0.495261 0.051487 0.507109
2 0.796339 0.469194 0.052632 0.502370
5 0.852403 0.438389 0.050343 0.469194
8 0.913043 0.483412 0.061785 0.521327
