22 0.062987 0.486911 0.052371 0.628272
27 0.112880 0.489529 0.047417 0.623037
17 0.163836 0.479058 0.051663 0.602094
27 0.213022 0.489529 0.045294 0.623037
30 0.263977 0.513089 0.048125 0.732984
5 0.315640 0.520942 0.050955 0.717277
8 0.372965 0.539267 0.059448 0.764398
7 0.423567 0.471204 0.048832 0.712042
0 0.477707 0.476440 0.055202 0.722513
20 0.528662 0.500000 0.046709 0.790576
25 0.578910 0.481675 0.059448 0.774869
1 0.631281 0.479058 0.039632 0.811518
0 0.694268 0.486911 0.059448 0.869110
1 0.753362 0.513089 0.044586 0.848168
3 0.805379 0.486911 0.055202 0.879581
5 0.859873 0.442408 0.058033 0.790576
5 0.917905 0.523560 0.062279 0.921466
