22 0.038602 0.539936 0.057323 0.920128
27 0.094102 0.536741 0.058317 0.913738
17 0.155898 0.498403 0.055997 0.881789
27 0.211730 0.498403 0.053678 0.926518
32 0.276839 0.498403 0.055997 0.945687
6 0.335653 0.509585 0.052353 0.878594
8 0.399602 0.487220 0.056991 0.923323
3 0.453943 0.471246 0.047051 0.936102
0 0.511100 0.487220 0.054009 0.923323
20 0.568257 0.504792 0.049039 0.958466
25 0.628231 0.487220 0.055003 0.904153
1 0.683234 0.506390 0.046388 0.987220
0 0.743042 0.501597 0.057323 0.996805
3 0.804341 0.515974 0.054672 0.961661
0 0.860669 0.504792 0.048045 0.984026
6 0.917992 0.501597 0.053347 0.996805
0 0.974818 0.471246 0.050364 0.916933
