22 0.036723 0.712245 0.058380 0.420408
27 0.100753 0.685714 0.060264 0.457143
17 0.169492 0.677551 0.062147 0.465306
27 0.231168 0.646939 0.059322 0.453061
32 0.296139 0.577551 0.057439 0.461224
2 0.359699 0.575510 0.056497 0.497959
8 0.421846 0.546939 0.056497 0.506122
5 0.483992 0.504082 0.056497 0.518367
0 0.536723 0.495918 0.048964 0.502041
20 0.592279 0.438776 0.056497 0.436735
25 0.650659 0.440816 0.054614 0.457143
0 0.707156 0.385714 0.056497 0.469388
6 0.765066 0.359184 0.053672 0.448980
2 0.819209 0.346939 0.048964 0.457143
1 0.866761 0.328571 0.046139 0.436735
5 0.918550 0.316327 0.055556 0.461224
5 0.974576 0.297959 0.050847 0.408163
