22 0.046285 0.383117 0.063337 0.571429
27 0.104750 0.402597 0.063337 0.623377
17 0.173569 0.392857 0.066991 0.629870
27 0.235688 0.405844 0.059683 0.642857
32 0.295371 0.435065 0.059683 0.675325
6 0.359927 0.435065 0.064555 0.662338
8 0.417174 0.422078 0.057247 0.584416
3 0.479294 0.490260 0.062119 0.707792
0 0.533496 0.487013 0.048721 0.727273
20 0.587089 0.516234 0.056029 0.681818
25 0.644945 0.509740 0.059683 0.642857
1 0.699756 0.512987 0.045067 0.662338
0 0.752132 0.506494 0.057247 0.688312
2 0.805725 0.542208 0.054811 0.603896
5 0.856882 0.545455 0.054811 0.584416
1 0.905603 0.551948 0.047503 0.610390
8 0.961023 0.564935 0.068210 0.675325
