22 0.034368 0.509317 0.062084 0.720497
27 0.100333 0.518634 0.060976 0.577640
17 0.167960 0.518634 0.069845 0.627329
27 0.232816 0.512422 0.053215 0.602484
32 0.298780 0.493789 0.063193 0.590062
2 0.364191 0.537267 0.054324 0.689441
8 0.422949 0.537267 0.056541 0.664596
5 0.480599 0.524845 0.056541 0.639752
0 0.539357 0.583851 0.060976 0.708075
20 0.597561 0.534161 0.053215 0.621118
25 0.650776 0.546584 0.050998 0.621118
0 0.705100 0.552795 0.057650 0.670807
6 0.760532 0.540373 0.055432 0.645963
2 0.818736 0.543478 0.058758 0.664596
1 0.868625 0.599379 0.041020 0.701863
7 0.919069 0.583851 0.048780 0.732919
1 0.973947 0.574534 0.047672 0.850932
