22 0.031180 0.685950 0.053452 0.380165
27 0.086860 0.636364 0.062361 0.380165
17 0.145880 0.623967 0.055679 0.388430
27 0.200445 0.595041 0.053452 0.380165
32 0.258352 0.574380 0.066815 0.371901
2 0.317372 0.566116 0.051225 0.371901
8 0.374165 0.570248 0.048998 0.429752
5 0.432071 0.549587 0.062361 0.404959
0 0.489978 0.553719 0.057906 0.396694
20 0.547884 0.524793 0.057906 0.388430
25 0.603563 0.516529 0.057906 0.404959
0 0.667038 0.508264 0.060134 0.438017
6 0.726058 0.491736 0.057906 0.421488
2 0.787305 0.508264 0.060134 0.454545
1 0.845212 0.491736 0.051225 0.487603
6 0.909800 0.471074 0.055679 0.528926
1 0.967706 0.421488 0.055679 0.462810
