22 0.031390 0.607143 0.060538 0.658730
27 0.091928 0.575397 0.065022 0.690476
17 0.157511 0.539683 0.068386 0.714286
27 0.221413 0.507937 0.063901 0.619048
32 0.290919 0.555556 0.066143 0.777778
2 0.353139 0.543651 0.053812 0.769841
8 0.412556 0.503968 0.056054 0.738095
5 0.471973 0.476190 0.058296 0.730159
0 0.529148 0.492063 0.056054 0.809524
20 0.583520 0.428571 0.061659 0.698413
25 0.645179 0.456349 0.057175 0.706349
0 0.701233 0.428571 0.050448 0.777778
6 0.756166 0.408730 0.057175 0.738095
2 0.814462 0.400794 0.052691 0.722222
1 0.866592 0.400794 0.047085 0.753968
9 0.925448 0.424603 0.057175 0.833333
7 0.974776 0.365079 0.050448 0.714286
