22 0.041646 0.601050 0.057143 0.482940
27 0.095642 0.619423 0.052785 0.603675
17 0.147942 0.616798 0.053753 0.561680
27 0.201453 0.601050 0.053269 0.556430
32 0.254964 0.578740 0.060533 0.585302
1 0.308475 0.573491 0.046489 0.611549
8 0.359806 0.539370 0.054237 0.553806
7 0.413317 0.541995 0.052785 0.585302
0 0.468039 0.530184 0.058596 0.572178
20 0.520823 0.544619 0.058596 0.616798
25 0.580387 0.480315 0.058596 0.524934
0 0.641889 0.477690 0.052785 0.566929
8 0.695884 0.479003 0.057143 0.543307
3 0.756659 0.488189 0.064407 0.598425
9 0.818160 0.489501 0.053753 0.616798
1 0.869734 0.484252 0.049395 0.653543
8 0.936804 0.500000 0.071186 0.685039
