22 0.031915 0.364706 0.055319 0.564706
27 0.091489 0.388235 0.059574 0.611765
17 0.152128 0.376471 0.065957 0.564706
27 0.209574 0.376471 0.057447 0.611765
32 0.275532 0.382353 0.070213 0.623529
2 0.337234 0.394118 0.044681 0.647059
8 0.393617 0.376471 0.055319 0.564706
5 0.450000 0.400000 0.057447 0.658824
0 0.508511 0.411765 0.055319 0.635294
20 0.568085 0.405882 0.055319 0.623529
25 0.622340 0.411765 0.057447 0.658824
0 0.685106 0.441176 0.055319 0.670588
6 0.742553 0.447059 0.063830 0.705882
2 0.803191 0.458824 0.053191 0.658824
1 0.855319 0.458824 0.046809 0.729412
9 0.907447 0.511765 0.053191 0.741176
7 0.969149 0.505882 0.048936 0.682353
