22 0.070718 0.453659 0.068508 0.614634
27 0.133149 0.434146 0.058564 0.536585
17 0.199448 0.441463 0.065193 0.541463
27 0.260221 0.456098 0.056354 0.600000
32 0.322099 0.441463 0.062983 0.531707
6 0.384530 0.468293 0.055249 0.546341
8 0.438674 0.465854 0.053039 0.541463
3 0.493370 0.456098 0.051934 0.531707
0 0.548619 0.470732 0.054144 0.541463
20 0.599448 0.458537 0.049724 0.517073
25 0.650276 0.463415 0.054144 0.546341
1 0.699448 0.502439 0.041989 0.614634
0 0.747514 0.492683 0.049724 0.517073
2 0.796685 0.492683 0.039779 0.526829
4 0.840884 0.500000 0.048619 0.502439
9 0.883425 0.500000 0.038674 0.502439
6 0.930387 0.492683 0.048619 0.507317
