22 0.071223 0.613924 0.051694 0.594937
27 0.122056 0.601266 0.049971 0.586498
17 0.167720 0.594937 0.050546 0.556962
27 0.213670 0.594937 0.048248 0.540084
30 0.262493 0.586498 0.050546 0.717300
5 0.311315 0.556962 0.053992 0.641350
8 0.363584 0.588608 0.050546 0.645570
7 0.414704 0.569620 0.049397 0.784810
0 0.467835 0.544304 0.047674 0.700422
20 0.521539 0.527426 0.057438 0.700422
25 0.574957 0.504219 0.051694 0.721519
1 0.628949 0.523207 0.047099 0.827004
0 0.689833 0.518987 0.065480 0.936709
1 0.748708 0.533755 0.045376 0.932489
3 0.808731 0.493671 0.055141 0.919831
5 0.872200 0.464135 0.062608 0.860759
3 0.939115 0.453586 0.073521 0.864979
