22 0.039062 0.606965 0.066964 0.437811
27 0.105469 0.629353 0.059152 0.512438
17 0.170759 0.601990 0.062500 0.497512
27 0.232143 0.609453 0.058036 0.502488
32 0.294643 0.582090 0.062500 0.507463
2 0.359933 0.579602 0.065848 0.502488
8 0.420201 0.609453 0.056920 0.601990
5 0.477121 0.552239 0.056920 0.457711
0 0.535714 0.582090 0.055804 0.517413
20 0.592076 0.572139 0.045759 0.507463
25 0.646763 0.549751 0.056920 0.462687
0 0.704241 0.549751 0.062500 0.432836
6 0.763393 0.529851 0.058036 0.442786
2 0.815290 0.529851 0.052455 0.502488
1 0.863281 0.517413 0.045759 0.477612
8 0.913504 0.514925 0.056920 0.472637
1 0.966518 0.532338 0.046875 0.527363
