22 0.074468 0.677019 0.060556 0.335404
27 0.131751 0.655280 0.050736 0.329193
17 0.188216 0.642857 0.055646 0.391304
27 0.239771 0.611801 0.054010 0.329193
30 0.298691 0.599379 0.057283 0.378882
5 0.348609 0.583851 0.045827 0.385093
8 0.400982 0.580745 0.055646 0.403727
7 0.453355 0.534161 0.055646 0.347826
0 0.509002 0.540373 0.055646 0.360248
20 0.567103 0.540373 0.057283 0.347826
25 0.618658 0.521739 0.055646 0.322981
1 0.670213 0.512422 0.044190 0.366460
0 0.720949 0.506211 0.050736 0.453416
1 0.771686 0.468944 0.040917 0.416149
6 0.822422 0.450311 0.057283 0.440994
6 0.878069 0.444099 0.057283 0.403727
6 0.936989 0.444099 0.060556 0.465839
