22 0.079545 0.620283 0.074111 0.589623
27 0.149704 0.601415 0.062253 0.570755
17 0.214427 0.587264 0.061265 0.542453
27 0.275198 0.577830 0.060277 0.636792
32 0.342391 0.563679 0.056324 0.533019
1 0.396739 0.561321 0.050395 0.632075
8 0.457016 0.551887 0.058300 0.594340
8 0.511364 0.535377 0.054348 0.617925
0 0.561265 0.518868 0.051383 0.622642
20 0.610672 0.490566 0.051383 0.575472
25 0.662055 0.514151 0.053360 0.688679
0 0.711957 0.469340 0.044466 0.561321
5 0.759881 0.492925 0.047431 0.608491
0 0.806324 0.476415 0.043478 0.537736
2 0.848814 0.462264 0.049407 0.547170
5 0.897233 0.445755 0.043478 0.495283
2 0.945652 0.450472 0.051383 0.523585
