22 0.153846 0.306818 0.048433 0.261364
27 0.202279 0.332386 0.045584 0.335227
17 0.254274 0.352273 0.052707 0.397727
27 0.306980 0.366477 0.049858 0.323864
30 0.356838 0.377841 0.055556 0.380682
5 0.408120 0.392045 0.047009 0.340909
8 0.455128 0.411932 0.049858 0.392045
7 0.503561 0.446023 0.047009 0.482955
0 0.551994 0.468750 0.047009 0.301136
20 0.599003 0.477273 0.047009 0.386364
25 0.647436 0.468750 0.049858 0.369318
1 0.690171 0.474432 0.035613 0.335227
0 0.741453 0.514205 0.055556 0.392045
1 0.787749 0.528409 0.037037 0.386364
3 0.829060 0.539773 0.039886 0.386364
7 0.871795 0.551136 0.042735 0.397727
7 0.922365 0.548295 0.055556 0.380682
