22 0.126114 0.532500 0.050802 0.495000
27 0.175579 0.532500 0.044563 0.505000
17 0.225936 0.550000 0.052585 0.500000
27 0.278966 0.530000 0.055258 0.500000
30 0.331105 0.545000 0.050802 0.500000
5 0.381462 0.597500 0.044563 0.595000
8 0.429590 0.602500 0.044563 0.565000
7 0.479501 0.615000 0.046346 0.530000
0 0.530303 0.620000 0.048128 0.470000
20 0.580660 0.622500 0.050802 0.555000
25 0.630570 0.615000 0.052585 0.520000
1 0.677807 0.705000 0.040107 0.510000
0 0.728164 0.670000 0.062389 0.570000
1 0.779857 0.687500 0.039216 0.565000
3 0.827094 0.690000 0.051693 0.530000
5 0.877451 0.702500 0.052585 0.515000
3 0.927807 0.722500 0.042781 0.555000
