22 0.040541 0.479452 0.063063 0.328767
27 0.097973 0.486301 0.060811 0.342466
17 0.162162 0.500000 0.067568 0.369863
27 0.227477 0.510274 0.054054 0.376712
32 0.290541 0.510274 0.063063 0.363014
2 0.349099 0.530822 0.054054 0.390411
8 0.403153 0.534247 0.054054 0.356164
5 0.461712 0.554795 0.067568 0.397260
0 0.518018 0.558219 0.049550 0.376712
20 0.572072 0.561644 0.063063 0.369863
25 0.634009 0.595890 0.060811 0.410959
0 0.693694 0.592466 0.054054 0.417808
6 0.747748 0.585616 0.058559 0.390411
2 0.802928 0.599315 0.056306 0.390411
1 0.855856 0.606164 0.049550 0.376712
8 0.906532 0.609589 0.056306 0.369863
3 0.965090 0.619863 0.051802 0.417808
