22 0.027017 0.520446 0.051813 0.877323
27 0.084752 0.520446 0.061436 0.921933
17 0.147483 0.498141 0.059585 0.877323
27 0.206329 0.503717 0.058105 0.910781
32 0.268135 0.514870 0.058105 0.955390
3 0.328090 0.503717 0.052924 0.933086
8 0.389711 0.526022 0.059215 0.910781
6 0.445781 0.513011 0.050703 0.973978
0 0.505181 0.514870 0.050333 0.910781
20 0.563657 0.514870 0.059215 0.933086
25 0.618616 0.503717 0.050703 0.955390
0 0.678201 0.513011 0.057365 0.973978
4 0.738527 0.509294 0.052924 0.944238
0 0.796817 0.526022 0.052554 0.933086
0 0.857143 0.524164 0.051813 0.951673
7 0.913027 0.513011 0.047372 0.973978
0 0.968542 0.507435 0.054774 0.985130
