22 0.031061 0.500000 0.050758 0.922535
27 0.085795 0.501761 0.058712 0.982394
17 0.151326 0.508803 0.057955 0.954225
27 0.212311 0.494718 0.055682 0.933099
32 0.271402 0.485915 0.055682 0.852113
3 0.332576 0.478873 0.050000 0.880282
8 0.391667 0.507042 0.059848 0.978873
6 0.450189 0.485915 0.050379 0.936620
0 0.503030 0.505282 0.055303 0.989437
20 0.562311 0.505282 0.054924 0.989437
25 0.620076 0.473592 0.050000 0.940141
0 0.680114 0.494718 0.058712 0.954225
4 0.738826 0.489437 0.054167 0.971831
0 0.797348 0.494718 0.050758 0.954225
0 0.856439 0.489437 0.058333 0.971831
6 0.915720 0.473592 0.053409 0.940141
3 0.969508 0.505282 0.050379 0.989437
