22 0.134731 0.635659 0.050898 0.387597
27 0.181138 0.600775 0.041916 0.410853
17 0.231287 0.627907 0.046407 0.465116
27 0.276198 0.581395 0.049401 0.449612
32 0.327096 0.581395 0.049401 0.465116
1 0.371257 0.565891 0.038922 0.434109
8 0.418413 0.577519 0.055389 0.457364
8 0.467814 0.577519 0.040419 0.457364
0 0.513473 0.565891 0.038922 0.511628
20 0.555389 0.534884 0.047904 0.465116
25 0.601796 0.515504 0.041916 0.503876
0 0.644461 0.503876 0.040419 0.480620
5 0.687874 0.500000 0.043413 0.488372
0 0.736527 0.500000 0.047904 0.519380
2 0.780689 0.500000 0.046407 0.472868
5 0.822605 0.496124 0.043413 0.465116
0 0.867515 0.472868 0.049401 0.387597
