22 0.076590 0.483146 0.048178 0.398876
27 0.125386 0.488764 0.046943 0.449438
17 0.175108 0.483146 0.057443 0.410112
27 0.229463 0.491573 0.054972 0.432584
32 0.284435 0.492978 0.054972 0.418539
1 0.331995 0.507022 0.036442 0.424157
8 0.380791 0.501404 0.052502 0.424157
7 0.435145 0.504213 0.053737 0.441011
0 0.488264 0.519663 0.045090 0.438202
20 0.537986 0.544944 0.053119 0.471910
25 0.588635 0.554775 0.053119 0.480337
0 0.643607 0.564607 0.055590 0.449438
8 0.700741 0.594101 0.052502 0.485955
3 0.748610 0.596910 0.055590 0.542135
9 0.806053 0.601124 0.046943 0.511236
1 0.850834 0.601124 0.045090 0.477528
8 0.906424 0.613764 0.063620 0.485955
