22 0.107509 0.752358 0.066553 0.495283
27 0.170648 0.702830 0.054608 0.424528
17 0.226109 0.674528 0.056314 0.490566
27 0.282423 0.650943 0.051195 0.490566
32 0.340017 0.617925 0.058874 0.537736
1 0.390358 0.599057 0.043515 0.528302
8 0.442833 0.615566 0.051195 0.580189
8 0.494881 0.575472 0.047782 0.537736
0 0.544795 0.620283 0.053754 0.608491
20 0.592150 0.556604 0.051195 0.518868
25 0.642065 0.547170 0.050341 0.547170
0 0.689420 0.518868 0.042662 0.518868
5 0.736348 0.509434 0.047782 0.500000
0 0.781570 0.459906 0.049488 0.448113
2 0.824659 0.511792 0.045222 0.551887
5 0.868601 0.448113 0.049488 0.500000
8 0.918515 0.419811 0.053754 0.500000
