22 0.032720 0.598921 0.059305 0.384892
27 0.091513 0.579137 0.056237 0.424460
17 0.152863 0.534173 0.062372 0.384892
27 0.214724 0.525180 0.069530 0.359712
32 0.281186 0.517986 0.057260 0.417266
2 0.337935 0.500000 0.056237 0.381295
8 0.396217 0.489209 0.056237 0.395683
5 0.453988 0.467626 0.057260 0.395683
0 0.511247 0.437050 0.055215 0.341727
20 0.567996 0.444245 0.054192 0.435252
25 0.623722 0.406475 0.057260 0.410072
0 0.684049 0.399281 0.053170 0.395683
6 0.738241 0.383094 0.061350 0.442446
2 0.801125 0.372302 0.062372 0.413669
1 0.857873 0.350719 0.049080 0.442446
6 0.914110 0.314748 0.053170 0.420863
7 0.967791 0.309353 0.052147 0.438849
