22 0.031713 0.485030 0.055153 0.748503
27 0.088073 0.455090 0.052740 0.868263
17 0.145467 0.474551 0.064116 0.907186
27 0.207170 0.529940 0.056532 0.940120
30 0.266805 0.474551 0.065495 0.847305
5 0.323681 0.474551 0.055153 0.847305
8 0.384350 0.513473 0.062048 0.949102
9 0.442951 0.504491 0.050327 0.991018
0 0.499483 0.480539 0.062048 0.955090
20 0.559635 0.501497 0.049293 0.997006
25 0.614271 0.513473 0.062048 0.967066
1 0.670458 0.489521 0.048259 0.877246
0 0.729748 0.510479 0.060669 0.979042
2 0.790417 0.519461 0.060669 0.961078
3 0.849535 0.514970 0.052051 0.970060
4 0.906756 0.504491 0.056188 0.991018
5 0.969666 0.505988 0.060669 0.910180
