22 0.033469 0.662651 0.058824 0.313253
27 0.090264 0.662651 0.054767 0.373494
17 0.156187 0.614458 0.064909 0.301205
27 0.220081 0.617470 0.058824 0.307229
32 0.279919 0.581325 0.060852 0.295181
2 0.337728 0.587349 0.054767 0.307229
8 0.395538 0.560241 0.052738 0.337349
5 0.452333 0.539157 0.060852 0.319277
0 0.514199 0.521084 0.054767 0.343373
20 0.567951 0.496988 0.060852 0.331325
25 0.625761 0.466867 0.050710 0.355422
0 0.679513 0.430723 0.060852 0.319277
6 0.742394 0.442771 0.060852 0.343373
2 0.798174 0.415663 0.050710 0.301205
1 0.845842 0.382530 0.052738 0.355422
5 0.903651 0.370482 0.058824 0.295181
5 0.956389 0.346386 0.054767 0.307229
