22 0.056621 0.628692 0.056621 0.464135
27 0.114612 0.620253 0.055708 0.430380
17 0.177626 0.594937 0.059361 0.464135
27 0.234247 0.594937 0.050228 0.489451
32 0.295434 0.575949 0.063014 0.502110
6 0.352511 0.590717 0.051142 0.540084
8 0.410046 0.537975 0.052968 0.485232
3 0.468493 0.535865 0.047489 0.447257
0 0.517808 0.597046 0.054795 0.594937
20 0.568037 0.525316 0.049315 0.417722
25 0.623288 0.529536 0.053881 0.409283
1 0.672603 0.510549 0.035616 0.489451
0 0.727397 0.497890 0.048402 0.447257
2 0.775799 0.516878 0.052055 0.502110
5 0.825571 0.504219 0.052968 0.451477
1 0.872603 0.459916 0.039269 0.506329
0 0.930137 0.447257 0.063014 0.523207
