22 0.131438 0.595679 0.046137 0.487654
27 0.180258 0.564815 0.051502 0.524691
17 0.237661 0.567901 0.050429 0.567901
27 0.284871 0.561728 0.046137 0.530864
30 0.336373 0.567901 0.048283 0.555556
5 0.387876 0.583333 0.050429 0.598765
8 0.433476 0.533951 0.047210 0.487654
7 0.485515 0.533951 0.052575 0.500000
0 0.538090 0.570988 0.050429 0.635802
20 0.589592 0.561728 0.046137 0.567901
25 0.639485 0.521605 0.053648 0.500000
1 0.692597 0.564815 0.043991 0.574074
0 0.739807 0.549383 0.050429 0.580247
1 0.791309 0.574074 0.039700 0.592593
3 0.839056 0.574074 0.045064 0.592593
5 0.891094 0.537037 0.050429 0.580247
9 0.942597 0.549383 0.054721 0.592593
