22 0.128713 0.664706 0.049505 0.305882
27 0.174092 0.650000 0.044554 0.276471
17 0.221122 0.638235 0.049505 0.288235
27 0.270627 0.635294 0.049505 0.305882
32 0.317657 0.626471 0.037954 0.323529
6 0.360561 0.650000 0.041254 0.370588
8 0.409241 0.632353 0.049505 0.311765
3 0.453795 0.620588 0.039604 0.323529
0 0.494224 0.641176 0.047855 0.352941
20 0.541254 0.629412 0.046205 0.352941
25 0.587459 0.614706 0.046205 0.335294
1 0.631188 0.617647 0.037954 0.376471
0 0.673267 0.635294 0.042904 0.341176
2 0.715347 0.620588 0.041254 0.347059
5 0.762376 0.614706 0.046205 0.335294
1 0.802805 0.597059 0.037954 0.370588
8 0.849010 0.591176 0.051155 0.358824
