22 0.065961 0.809609 0.052117 0.359431
27 0.122557 0.775801 0.059446 0.419929
17 0.182410 0.738434 0.053746 0.395018
27 0.236564 0.702847 0.056189 0.409253
32 0.292345 0.631673 0.055375 0.423488
1 0.348127 0.594306 0.049674 0.398577
8 0.402280 0.587189 0.060261 0.519573
8 0.459691 0.516014 0.052932 0.427046
0 0.513844 0.496441 0.053746 0.416370
20 0.566368 0.459075 0.044788 0.462633
25 0.618893 0.416370 0.057003 0.384342
0 0.670195 0.379004 0.048860 0.380783
5 0.718241 0.348754 0.050489 0.384342
0 0.768730 0.300712 0.045603 0.437722
2 0.817182 0.286477 0.051303 0.387900
6 0.864007 0.241993 0.047231 0.434164
0 0.917345 0.188612 0.057818 0.355872
