22 0.061664 0.482097 0.054978 0.493606
27 0.114413 0.501279 0.048539 0.506394
17 0.169391 0.447570 0.049529 0.434783
27 0.225607 0.451407 0.053987 0.478261
30 0.282813 0.445013 0.051511 0.475703
5 0.336800 0.456522 0.051511 0.452685
8 0.389302 0.471867 0.057454 0.483376
7 0.445022 0.506394 0.053987 0.516624
0 0.498514 0.497442 0.052997 0.534527
20 0.549034 0.491049 0.052997 0.557545
25 0.600297 0.500000 0.054482 0.611253
1 0.653294 0.489770 0.040614 0.529412
0 0.708271 0.501279 0.051511 0.552430
1 0.757801 0.500000 0.047548 0.539642
3 0.818722 0.506394 0.047548 0.506394
7 0.862060 0.459079 0.054978 0.483376
7 0.923972 0.474425 0.063893 0.524297
