22 0.028605 0.625320 0.053195 0.749361
27 0.090666 0.595908 0.056875 0.726343
17 0.156909 0.579284 0.060221 0.723785
27 0.214955 0.570332 0.057879 0.777494
30 0.276848 0.510230 0.054533 0.759591
5 0.334895 0.540921 0.058883 0.800512
8 0.396788 0.565217 0.060221 0.818414
9 0.457511 0.523018 0.054533 0.800512
0 0.512211 0.506394 0.050184 0.767263
20 0.569756 0.480818 0.053530 0.751918
25 0.625962 0.451407 0.061559 0.723785
1 0.686183 0.451407 0.045500 0.723785
0 0.749080 0.473146 0.066912 0.818414
2 0.810472 0.437340 0.064570 0.767263
3 0.858983 0.378517 0.047842 0.716113
4 0.917531 0.413043 0.057879 0.800512
3 0.973402 0.455243 0.049180 0.782609
