22 0.097279 0.691983 0.051113 0.430380
27 0.145095 0.668776 0.049464 0.493671
17 0.204040 0.681435 0.060181 0.502110
27 0.251443 0.620253 0.046167 0.472574
32 0.308326 0.613924 0.054411 0.502110
1 0.359852 0.586498 0.043693 0.506329
8 0.408904 0.571730 0.047815 0.527426
8 0.458368 0.563291 0.051113 0.586498
0 0.506183 0.540084 0.044518 0.565401
20 0.555235 0.540084 0.048640 0.565401
25 0.603050 0.497890 0.051937 0.523207
0 0.652514 0.495781 0.050289 0.544304
5 0.702803 0.472574 0.050289 0.472574
0 0.749794 0.464135 0.042045 0.489451
2 0.793075 0.449367 0.047815 0.527426
5 0.843776 0.409283 0.048640 0.472574
0 0.897362 0.398734 0.053586 0.493671
