22 0.096671 0.683794 0.055058 0.482213
27 0.149168 0.701581 0.055058 0.549407
17 0.208387 0.646245 0.060819 0.604743
27 0.263444 0.638340 0.051857 0.549407
30 0.318182 0.646245 0.062740 0.604743
5 0.373560 0.614625 0.051857 0.525692
8 0.425096 0.596838 0.051216 0.577075
7 0.474712 0.565217 0.058259 0.553360
0 0.526569 0.545455 0.056978 0.498024
20 0.581626 0.579051 0.050576 0.501976
25 0.632843 0.537549 0.058259 0.513834
1 0.682778 0.583004 0.032650 0.620553
0 0.737196 0.541502 0.058259 0.561265
1 0.788092 0.555336 0.044814 0.604743
3 0.840909 0.509881 0.050576 0.608696
5 0.891165 0.466403 0.049936 0.561265
5 0.949104 0.503953 0.062100 0.612648
