22 0.074818 0.468023 0.047445 0.273256
27 0.125912 0.462209 0.054745 0.296512
17 0.179745 0.462209 0.049270 0.319767
27 0.229927 0.450581 0.047445 0.308140
32 0.282847 0.447674 0.054745 0.325581
6 0.334854 0.441860 0.041971 0.267442
8 0.386861 0.447674 0.054745 0.302326
3 0.437044 0.453488 0.045620 0.337209
0 0.483577 0.453488 0.047445 0.337209
20 0.528285 0.436047 0.049270 0.313953
25 0.582117 0.456395 0.054745 0.308140
1 0.631387 0.444767 0.036496 0.331395
0 0.679745 0.427326 0.052920 0.296512
2 0.729015 0.424419 0.041971 0.325581
5 0.773723 0.421512 0.054745 0.319767
0 0.826642 0.404070 0.047445 0.273256
6 0.874088 0.412791 0.054745 0.290698
