22 0.054481 0.622363 0.060081 0.392405
27 0.108452 0.573840 0.051935 0.388186
17 0.170570 0.554852 0.066191 0.367089
27 0.227088 0.521097 0.057026 0.383966
32 0.286660 0.512658 0.056008 0.459916
6 0.342668 0.523207 0.056008 0.430380
8 0.395112 0.459916 0.057026 0.388186
3 0.452648 0.474684 0.056008 0.426160
0 0.503564 0.438819 0.056008 0.421941
20 0.558554 0.447257 0.051935 0.421941
25 0.605906 0.383966 0.057026 0.472574
1 0.661914 0.381857 0.046843 0.367089
0 0.710794 0.390295 0.052953 0.459916
2 0.759674 0.383966 0.050916 0.447257
5 0.810591 0.327004 0.052953 0.443038
2 0.861507 0.305907 0.048880 0.459916
0 0.911914 0.291139 0.056008 0.413502
