22 0.031160 0.583110 0.055895 0.699732
27 0.091552 0.572386 0.053325 0.721180
17 0.150819 0.540214 0.054931 0.726542
16 0.214102 0.541555 0.054931 0.697051
22 0.275458 0.554960 0.057501 0.670241
6 0.333440 0.513405 0.051397 0.726542
6 0.393029 0.481233 0.059428 0.678284
4 0.452618 0.487936 0.053325 0.664879
0 0.507549 0.487936 0.050112 0.707775
20 0.567138 0.483914 0.057501 0.726542
25 0.623032 0.494638 0.052361 0.721180
3 0.683424 0.466488 0.049791 0.734584
3 0.740443 0.446381 0.053967 0.678284
0 0.799229 0.459786 0.048185 0.678284
7 0.857533 0.442359 0.060071 0.756032
1 0.912464 0.431635 0.038227 0.745308
4 0.969483 0.418231 0.053967 0.718499
