22 0.034155 0.584718 0.052316 0.830565
27 0.093802 0.589701 0.053649 0.820598
17 0.156948 0.551495 0.056648 0.830565
16 0.218261 0.564784 0.059314 0.857143
22 0.277408 0.556478 0.055648 0.853821
6 0.337054 0.544850 0.051649 0.797342
6 0.396201 0.556478 0.049983 0.853821
4 0.460180 0.523256 0.053316 0.820598
0 0.516828 0.539867 0.053316 0.853821
20 0.572309 0.539867 0.055648 0.920266
25 0.628624 0.531561 0.051649 0.823920
3 0.690270 0.509967 0.051649 0.813953
3 0.746418 0.490033 0.052649 0.787375
0 0.803899 0.481728 0.052316 0.903654
7 0.861380 0.490033 0.047318 0.920266
1 0.914695 0.498339 0.043985 0.870432
4 0.973342 0.480066 0.053316 0.833887
