22 0.041417 0.602469 0.068030 0.622222
27 0.103102 0.591358 0.051815 0.659259
17 0.164434 0.614815 0.053930 0.681481
16 0.223476 0.597531 0.057808 0.646914
22 0.285689 0.600000 0.058160 0.701235
6 0.343144 0.593827 0.050405 0.674074
6 0.399013 0.550617 0.049348 0.646914
4 0.457349 0.532099 0.053930 0.644444
0 0.513571 0.525926 0.050053 0.622222
20 0.570145 0.514815 0.059570 0.624691
25 0.625132 0.491358 0.051815 0.612346
3 0.682235 0.485185 0.058865 0.624691
3 0.747797 0.461728 0.058865 0.612346
0 0.801022 0.441975 0.049700 0.617284
7 0.854776 0.432099 0.049348 0.637037
1 0.907649 0.428395 0.035953 0.629630
5 0.961227 0.420988 0.056398 0.669136
