22 0.039683 0.549575 0.058693 0.662890
27 0.099668 0.528329 0.054633 0.671388
17 0.160391 0.531161 0.052049 0.677054
16 0.222591 0.514164 0.063492 0.682720
22 0.281469 0.515581 0.052049 0.645892
6 0.340901 0.463173 0.048357 0.592068
6 0.397933 0.466006 0.055371 0.637394
4 0.455334 0.473088 0.047619 0.753541
0 0.511628 0.427762 0.056109 0.702550
20 0.567737 0.457507 0.054633 0.784703
25 0.624769 0.451841 0.051310 0.773371
3 0.686600 0.447592 0.055371 0.804533
3 0.745293 0.427762 0.055371 0.764873
0 0.801587 0.405099 0.052049 0.759207
7 0.855666 0.406516 0.047988 0.784703
1 0.907900 0.419263 0.040236 0.759207
5 0.966777 0.416431 0.055371 0.753541
