22 0.038412 0.571633 0.055429 0.770774
27 0.099514 0.585960 0.055105 0.799427
17 0.160292 0.555874 0.054781 0.785100
16 0.222042 0.557307 0.053809 0.816619
22 0.282334 0.524355 0.056402 0.808023
6 0.347164 0.541547 0.059643 0.773639
6 0.405024 0.544413 0.054133 0.808023
4 0.464668 0.545845 0.057374 0.839542
0 0.519125 0.520057 0.051540 0.816619
20 0.574392 0.515759 0.058995 0.836676
25 0.633874 0.505731 0.056726 0.816619
3 0.694652 0.512894 0.056402 0.888252
3 0.752026 0.468481 0.058347 0.902579
0 0.809724 0.487106 0.057050 0.836676
7 0.862885 0.478510 0.055754 0.939828
1 0.915397 0.472779 0.047326 0.939828
5 0.968395 0.482808 0.054133 0.902579
