22 0.032402 0.621027 0.059792 0.625917
27 0.094343 0.608802 0.054064 0.669927
17 0.158611 0.606357 0.060866 0.630807
16 0.217150 0.608802 0.054780 0.635697
22 0.280165 0.567237 0.064089 0.596577
6 0.341747 0.561125 0.057644 0.608802
6 0.398317 0.537897 0.059076 0.640587
4 0.457035 0.540342 0.054780 0.669927
0 0.512352 0.503667 0.049409 0.630807
20 0.566058 0.512225 0.052990 0.682152
25 0.624776 0.520782 0.055854 0.699267
3 0.685464 0.501222 0.059076 0.684597
3 0.745077 0.509780 0.051557 0.687042
0 0.802542 0.463325 0.054780 0.643032
7 0.857143 0.447433 0.052274 0.674817
1 0.909058 0.441320 0.045113 0.711491
5 0.964017 0.418093 0.054780 0.699267
