22 0.035636 0.623360 0.056829 0.753281
27 0.096232 0.616798 0.056201 0.766404
17 0.163265 0.612861 0.059655 0.748031
16 0.224490 0.578740 0.057771 0.732283
22 0.283203 0.581365 0.057771 0.737533
6 0.344741 0.560367 0.055259 0.737533
6 0.404553 0.564304 0.058085 0.787402
4 0.467190 0.585302 0.057771 0.829396
0 0.523391 0.549869 0.049608 0.800525
20 0.578493 0.539370 0.056829 0.795276
25 0.638305 0.498688 0.057771 0.750656
3 0.694192 0.484252 0.047096 0.779528
3 0.749137 0.488189 0.054631 0.761155
0 0.810204 0.475066 0.054317 0.745407
7 0.867190 0.458005 0.059655 0.795276
1 0.910518 0.473753 0.028885 0.884514
5 0.966876 0.422572 0.058713 0.750656
