22 0.038656 0.669584 0.061534 0.621444
27 0.101136 0.658643 0.060271 0.682713
17 0.167245 0.654267 0.063111 0.617068
16 0.225939 0.631291 0.054276 0.628009
22 0.283686 0.645514 0.063111 0.669584
6 0.347902 0.591904 0.059009 0.628009
6 0.407384 0.599562 0.047965 0.634573
4 0.467182 0.594092 0.058378 0.715536
0 0.522405 0.551422 0.045756 0.708972
20 0.580940 0.553611 0.059956 0.735230
25 0.638372 0.518600 0.049858 0.726477
3 0.695488 0.537199 0.059956 0.794311
3 0.758126 0.498906 0.059009 0.787746
0 0.808457 0.440919 0.047965 0.649891
7 0.862417 0.412473 0.046702 0.741794
1 0.913537 0.421225 0.039129 0.781182
5 0.968444 0.386214 0.052382 0.702407
