22 0.036762 0.513652 0.055466 0.849829
27 0.094647 0.513652 0.060303 0.849829
17 0.154144 0.501706 0.061916 0.860068
16 0.212673 0.527304 0.048694 0.890785
22 0.270558 0.518771 0.061916 0.907850
6 0.334247 0.484642 0.060303 0.907850
6 0.390197 0.482935 0.058046 0.945392
4 0.449694 0.493174 0.054499 0.877133
0 0.502096 0.501706 0.050306 0.860068
20 0.557562 0.493174 0.058691 0.890785
25 0.618349 0.501706 0.057723 0.928328
3 0.677201 0.501706 0.052886 0.860068
3 0.736698 0.484642 0.051274 0.907850
0 0.795227 0.496587 0.058046 0.918089
7 0.851500 0.484642 0.060948 0.928328
1 0.907933 0.505119 0.035150 0.989761
6 0.965656 0.481229 0.054499 0.866894
