22 0.036947 0.587977 0.061345 0.753666
27 0.097595 0.590909 0.057860 0.759531
17 0.158243 0.570381 0.056466 0.747801
16 0.220809 0.587977 0.058906 0.753666
22 0.280760 0.579179 0.058906 0.782991
6 0.341234 0.573314 0.053677 0.794721
6 0.397700 0.535191 0.052283 0.859238
4 0.453991 0.548387 0.050540 0.873900
0 0.512199 0.541056 0.054026 0.870968
20 0.570408 0.510264 0.058906 0.838710
25 0.627571 0.489736 0.050540 0.797654
3 0.685082 0.492669 0.058208 0.844575
3 0.744510 0.489736 0.050889 0.850440
0 0.799407 0.472141 0.054026 0.844575
7 0.856919 0.467742 0.046358 0.906158
1 0.909202 0.475073 0.046358 0.850440
6 0.968630 0.486804 0.052283 0.914956
