22 0.036333 0.541009 0.059762 0.848580
27 0.097284 0.517350 0.062139 0.908517
17 0.159083 0.520505 0.054669 0.914826
16 0.216469 0.495268 0.055348 0.908517
22 0.273684 0.517350 0.059083 0.908517
6 0.334975 0.495268 0.055348 0.845426
6 0.392190 0.506309 0.052292 0.917981
4 0.455008 0.537855 0.053650 0.854890
0 0.509677 0.474763 0.053650 0.867508
20 0.567233 0.522082 0.059423 0.899054
25 0.626146 0.531546 0.052971 0.936909
3 0.685399 0.487382 0.058744 0.955836
3 0.750255 0.506309 0.051273 0.917981
0 0.802037 0.529968 0.052292 0.839117
7 0.857216 0.509464 0.053311 0.981073
1 0.909508 0.531546 0.034975 0.936909
6 0.966893 0.522082 0.051952 0.867508
