22 0.036251 0.555874 0.064484 0.853868
27 0.097561 0.538682 0.056799 0.830946
17 0.161377 0.571633 0.060809 0.856734
16 0.225025 0.530086 0.059138 0.830946
22 0.286335 0.538682 0.056799 0.802292
6 0.343969 0.498567 0.055129 0.825215
6 0.399599 0.481375 0.054126 0.859599
4 0.460241 0.505731 0.051788 0.896848
0 0.515703 0.517192 0.044437 0.845272
20 0.572168 0.531519 0.058470 0.845272
25 0.629636 0.541547 0.055129 0.893983
3 0.691113 0.517192 0.055797 0.873926
3 0.749081 0.479943 0.053458 0.845272
0 0.803375 0.487106 0.051788 0.888252
7 0.859840 0.498567 0.051119 0.882521
1 0.910792 0.545845 0.039425 0.873926
6 0.963749 0.501433 0.058470 0.830946
