22 0.034599 0.583086 0.061135 0.786350
27 0.097581 0.572700 0.056097 0.824926
17 0.160228 0.569733 0.057104 0.830861
16 0.224891 0.538576 0.058784 0.816024
22 0.286530 0.550445 0.053074 0.839763
6 0.345314 0.535608 0.051058 0.810089
6 0.404602 0.535608 0.058784 0.881306
4 0.466241 0.516320 0.056433 0.860534
0 0.523682 0.494065 0.053745 0.905045
20 0.581290 0.486647 0.054753 0.860534
25 0.635035 0.498516 0.051394 0.943620
3 0.700034 0.498516 0.057104 0.896142
3 0.753779 0.454006 0.057104 0.836795
0 0.806853 0.409496 0.050386 0.765579
7 0.862110 0.434718 0.052066 0.845697
1 0.914175 0.442136 0.031911 0.801187
6 0.970944 0.464392 0.058112 0.887240
