22 0.032647 0.608401 0.058218 0.783198
27 0.094243 0.586721 0.054680 0.826558
17 0.160823 0.570461 0.064329 0.848238
16 0.224509 0.565041 0.054037 0.869919
22 0.286266 0.548780 0.062399 0.848238
6 0.346414 0.535230 0.054037 0.848238
6 0.407366 0.544715 0.057575 0.910569
4 0.465584 0.512195 0.052428 0.905149
0 0.520264 0.506775 0.055002 0.905149
20 0.579608 0.505420 0.061756 0.875339
25 0.638308 0.502710 0.054358 0.869919
3 0.695079 0.466125 0.052750 0.840108
3 0.753458 0.527100 0.059505 0.907859
0 0.809103 0.523035 0.046639 0.953930
7 0.862657 0.466125 0.050820 0.883469
1 0.912190 0.456640 0.036668 0.891599
6 0.964619 0.445799 0.051463 0.842818
