22 0.029524 0.578078 0.053714 0.783784
27 0.088381 0.579580 0.054095 0.798799
17 0.150857 0.591592 0.059429 0.810811
16 0.212952 0.579580 0.054857 0.810811
22 0.272952 0.590090 0.053714 0.819820
6 0.331238 0.549550 0.052952 0.816817
6 0.391048 0.552553 0.054476 0.822823
4 0.450667 0.549550 0.053333 0.840841
0 0.509524 0.536036 0.054476 0.855856
20 0.564952 0.546547 0.051048 0.876877
25 0.622667 0.534535 0.052190 0.888889
3 0.686286 0.496997 0.059048 0.867868
3 0.746286 0.474474 0.059429 0.846847
0 0.801714 0.460961 0.051429 0.849850
7 0.860190 0.487988 0.055619 0.861862
1 0.915619 0.468468 0.035429 0.876877
7 0.971238 0.432432 0.053714 0.816817
