22 0.032812 0.562295 0.055423 0.868852
27 0.088915 0.539344 0.051343 0.855738
17 0.151819 0.534426 0.059504 0.832787
16 0.213703 0.518033 0.055423 0.813115
22 0.273036 0.542623 0.053043 0.862295
6 0.333050 0.554098 0.054063 0.872131
6 0.392724 0.518033 0.057123 0.845902
4 0.452567 0.478689 0.053723 0.911475
0 0.508160 0.470492 0.050663 0.862295
20 0.566644 0.498361 0.054743 0.885246
25 0.625808 0.490164 0.050663 0.888525
3 0.681741 0.498361 0.053043 0.872131
3 0.745665 0.465574 0.049643 0.872131
0 0.800748 0.490164 0.053723 0.888525
7 0.861442 0.493443 0.054063 0.980328
1 0.911935 0.509836 0.037402 0.973770
7 0.971268 0.498361 0.047943 0.983607
