22 0.033379 0.586053 0.061965 0.804154
27 0.095686 0.586053 0.055803 0.804154
17 0.158336 0.575668 0.055803 0.824926
16 0.219617 0.563798 0.056488 0.801187
22 0.278843 0.569733 0.058542 0.789318
6 0.341150 0.548961 0.054433 0.818991
6 0.401232 0.556380 0.056145 0.804154
4 0.456351 0.560831 0.044505 0.854599
0 0.517289 0.534125 0.056145 0.919881
20 0.571722 0.526706 0.051352 0.946588
25 0.629408 0.529674 0.056488 0.940653
3 0.687949 0.513353 0.055118 0.860534
3 0.750257 0.508902 0.055803 0.881306
0 0.807429 0.476261 0.051695 0.845697
7 0.861349 0.488131 0.052722 0.869436
1 0.916809 0.476261 0.030127 0.946588
7 0.974324 0.497033 0.051352 0.946588
