22 0.032479 0.580547 0.056752 0.808511
27 0.092308 0.577508 0.051282 0.844985
17 0.156239 0.580547 0.057436 0.838906
16 0.220513 0.572948 0.057436 0.823708
22 0.281368 0.531915 0.057436 0.857143
6 0.340855 0.518237 0.053333 0.860182
6 0.399829 0.534954 0.059145 0.881459
4 0.458462 0.534954 0.049915 0.911854
0 0.511795 0.524316 0.053333 0.890578
20 0.571111 0.524316 0.055043 0.933131
25 0.629573 0.509119 0.055043 0.933131
3 0.693675 0.501520 0.053333 0.905775
3 0.750427 0.490881 0.053333 0.896657
0 0.807521 0.516717 0.049231 0.887538
7 0.862222 0.468085 0.053333 0.881459
1 0.915726 0.475684 0.035897 0.854103
7 0.972650 0.452888 0.052650 0.881459
