22 0.032796 0.540816 0.052400 0.910204
27 0.088494 0.522449 0.053866 0.946939
17 0.147673 0.500000 0.051301 0.991837
16 0.207952 0.504082 0.056797 0.967347
22 0.266764 0.512245 0.055698 0.926531
6 0.320447 0.497959 0.053133 0.897959
6 0.380726 0.481633 0.054232 0.955102
4 0.435324 0.489796 0.046904 0.955102
0 0.492488 0.514286 0.055698 0.946939
20 0.549102 0.495918 0.057530 0.983673
25 0.611579 0.526531 0.054232 0.938776
3 0.670575 0.514286 0.050568 0.946939
3 0.731403 0.493878 0.055698 0.873469
0 0.792964 0.514286 0.052034 0.971429
7 0.853426 0.504082 0.052034 0.983673
1 0.910040 0.512245 0.034811 0.967347
8 0.967571 0.504082 0.056797 0.967347
