22 0.040116 0.518033 0.057699 0.944262
27 0.097986 0.526230 0.051895 0.895082
17 0.158245 0.534426 0.059065 0.911475
16 0.218334 0.514754 0.052236 0.950820
22 0.278252 0.503279 0.055992 0.960656
6 0.338341 0.519672 0.052578 0.960656
6 0.395015 0.519672 0.049164 0.960656
4 0.451178 0.534426 0.054968 0.924590
0 0.512291 0.501639 0.052236 0.977049
20 0.570502 0.526230 0.055992 0.927869
25 0.625469 0.531148 0.052578 0.918033
3 0.685558 0.527869 0.057357 0.944262
3 0.746671 0.506557 0.056675 0.954098
0 0.805736 0.514754 0.056675 0.937705
7 0.862069 0.519672 0.051212 0.960656
1 0.915329 0.519672 0.042335 0.927869
8 0.969273 0.542623 0.049164 0.895082
