22 0.034358 0.536630 0.062206 0.853480
27 0.092767 0.554945 0.048101 0.890110
17 0.153888 0.543956 0.064014 0.904762
16 0.216817 0.545788 0.053888 0.886447
22 0.275588 0.525641 0.058590 0.948718
6 0.334177 0.489011 0.051356 0.926740
6 0.393490 0.505495 0.055696 0.930403
4 0.451175 0.520147 0.053165 0.937729
0 0.508318 0.514652 0.053165 0.963370
20 0.566727 0.532967 0.057143 0.912088
25 0.624051 0.518315 0.048825 0.919414
3 0.682278 0.538462 0.056058 0.923077
3 0.741953 0.485348 0.054611 0.904762
0 0.797649 0.501832 0.054611 0.937729
7 0.857143 0.525641 0.055696 0.948718
1 0.915009 0.518315 0.045570 0.919414
8 0.968716 0.510989 0.053888 0.919414
