22 0.039859 0.553114 0.058213 0.879121
27 0.100111 0.543956 0.048943 0.912088
17 0.162773 0.529304 0.057842 0.882784
16 0.223396 0.534799 0.055988 0.930403
22 0.284205 0.521978 0.055247 0.956044
6 0.340934 0.500000 0.053763 0.890110
6 0.398591 0.527473 0.056359 0.945055
4 0.458287 0.538462 0.051168 0.923077
0 0.515573 0.510989 0.047089 0.897436
20 0.572303 0.523810 0.056730 0.923077
25 0.628105 0.521978 0.048202 0.956044
3 0.686133 0.510989 0.054505 0.882784
3 0.743048 0.507326 0.050426 0.890110
0 0.800334 0.490842 0.052280 0.893773
7 0.856322 0.490842 0.044865 0.908425
1 0.911939 0.514652 0.033000 0.890110
8 0.965332 0.478022 0.052280 0.897436
