22 0.036492 0.592593 0.057700 0.814815
27 0.098777 0.592593 0.056171 0.814815
17 0.158387 0.545455 0.052350 0.848485
16 0.221437 0.582492 0.056935 0.835017
22 0.282958 0.589226 0.052350 0.821549
6 0.335881 0.560606 0.046618 0.878788
6 0.398548 0.542088 0.054261 0.828283
4 0.458349 0.526936 0.055407 0.797980
0 0.516049 0.530303 0.051586 0.804714
20 0.572220 0.520202 0.059228 0.872054
25 0.628964 0.545455 0.051204 0.909091
3 0.690103 0.523569 0.057318 0.892256
3 0.753726 0.508418 0.054643 0.861953
0 0.807222 0.494949 0.045472 0.848485
7 0.863775 0.508418 0.055407 0.922559
1 0.915743 0.505051 0.031716 0.915825
8 0.967711 0.520202 0.052350 0.872054
