22 0.036224 0.524590 0.054885 0.878689
27 0.093487 0.513115 0.058178 0.901639
17 0.157153 0.536066 0.057446 0.901639
16 0.218441 0.514754 0.054885 0.813115
22 0.275704 0.536066 0.054519 0.927869
6 0.334248 0.524590 0.052323 0.832787
6 0.392609 0.532787 0.054153 0.849180
4 0.452067 0.521311 0.053055 0.813115
0 0.506586 0.547541 0.050860 0.865574
20 0.566045 0.565574 0.054885 0.855738
25 0.621661 0.550820 0.054885 0.898361
3 0.683315 0.542623 0.053055 0.914754
3 0.740029 0.536066 0.053787 0.927869
0 0.798390 0.521311 0.055617 0.944262
7 0.854372 0.539344 0.052689 0.921311
1 0.906330 0.542623 0.032199 0.914754
9 0.961947 0.532787 0.048299 0.921311
