22 0.030767 0.508499 0.051908 0.858357
27 0.091097 0.533994 0.060502 0.932011
17 0.153489 0.516997 0.056033 0.898017
16 0.215538 0.525496 0.056377 0.932011
22 0.274493 0.525496 0.055345 0.835694
6 0.337573 0.529745 0.065315 0.798867
6 0.399106 0.525496 0.054314 0.807365
4 0.451530 0.512748 0.045033 0.821530
0 0.510657 0.512748 0.051220 0.810198
20 0.567205 0.501416 0.057064 0.883853
25 0.622723 0.501416 0.051908 0.883853
3 0.684256 0.505666 0.054658 0.960340
3 0.740461 0.484419 0.049502 0.889518
0 0.800275 0.494334 0.061877 0.898017
7 0.856136 0.498584 0.052595 0.946176
1 0.906153 0.501416 0.041939 0.940510
9 0.963389 0.491501 0.056033 0.920680
