22 0.039560 0.431429 0.061538 0.634286
27 0.104396 0.425714 0.061538 0.657143
17 0.175275 0.442857 0.071429 0.657143
27 0.240110 0.434286 0.060440 0.537143
32 0.304945 0.468571 0.056044 0.628571
2 0.369780 0.465714 0.060440 0.600000
8 0.426923 0.488571 0.051648 0.600000
5 0.484066 0.494286 0.060440 0.600000
0 0.538462 0.514286 0.054945 0.651429
20 0.598352 0.511429 0.053846 0.622857
25 0.658242 0.477143 0.057143 0.520000
0 0.709890 0.548571 0.043956 0.628571
6 0.762088 0.528571 0.056044 0.565714
2 0.817033 0.577143 0.058242 0.651429
1 0.870330 0.582857 0.039560 0.640000
8 0.917033 0.588571 0.049451 0.594286
9 0.965934 0.620000 0.046154 0.760000
