22 0.030548 0.564338 0.053212 0.871324
27 0.087702 0.538603 0.061884 0.922794
17 0.153134 0.533088 0.066614 0.830882
27 0.214426 0.529412 0.058337 0.838235
32 0.275325 0.481618 0.056366 0.852941
3 0.338983 0.503676 0.055183 0.933824
8 0.394758 0.470588 0.054001 0.933824
6 0.450335 0.492647 0.057154 0.977941
0 0.509460 0.481618 0.051636 0.889706
20 0.564052 0.496324 0.057548 0.882353
25 0.626527 0.465074 0.056366 0.797794
0 0.685652 0.496324 0.064249 0.882353
4 0.742018 0.461397 0.059519 0.849265
0 0.802326 0.481618 0.061096 0.875000
0 0.864604 0.505515 0.063461 0.981618
7 0.918999 0.498162 0.046117 0.988971
5 0.972211 0.498162 0.054001 0.944853
