22 0.033191 0.650442 0.062099 0.345133
27 0.087794 0.646018 0.055675 0.389381
17 0.147752 0.641593 0.059957 0.362832
27 0.202355 0.597345 0.057816 0.362832
32 0.267666 0.592920 0.055675 0.424779
2 0.324411 0.597345 0.053533 0.433628
8 0.377944 0.601770 0.053533 0.477876
5 0.435760 0.597345 0.062099 0.469027
0 0.493576 0.548673 0.057816 0.424779
20 0.550321 0.544248 0.055675 0.398230
25 0.608137 0.548673 0.059957 0.407080
0 0.671306 0.597345 0.057816 0.522124
6 0.733405 0.557522 0.062099 0.442478
2 0.795503 0.584071 0.057816 0.513274
1 0.849036 0.557522 0.049251 0.460177
6 0.907923 0.513274 0.064240 0.442478
3 0.974304 0.491150 0.051392 0.415929
