22 0.135861 0.478916 0.044234 0.331325
27 0.177725 0.490964 0.042654 0.271084
17 0.223539 0.500000 0.048973 0.313253
27 0.266983 0.478916 0.047393 0.259036
32 0.312006 0.512048 0.042654 0.313253
1 0.354660 0.539157 0.036335 0.319277
8 0.395735 0.542169 0.042654 0.349398
8 0.439179 0.551205 0.041074 0.319277
0 0.481833 0.563253 0.044234 0.355422
20 0.524487 0.557229 0.041074 0.343373
25 0.567930 0.587349 0.045814 0.307229
0 0.612164 0.596386 0.045814 0.325301
5 0.657978 0.605422 0.042654 0.307229
0 0.702212 0.629518 0.045814 0.331325
2 0.746445 0.656627 0.048973 0.337349
5 0.790679 0.641566 0.039494 0.319277
8 0.840442 0.647590 0.060032 0.331325
