22 0.033465 0.254941 0.048318 0.438735
27 0.090551 0.275692 0.047960 0.444664
17 0.153185 0.301383 0.052255 0.456522
27 0.214746 0.353755 0.057266 0.462451
32 0.276843 0.341897 0.049034 0.438735
6 0.331603 0.409091 0.056192 0.426877
8 0.390838 0.471344 0.055834 0.488142
3 0.448998 0.477273 0.051181 0.464427
0 0.511632 0.523715 0.049034 0.482213
20 0.563708 0.535573 0.047960 0.470356
25 0.622942 0.625494 0.056908 0.500000
1 0.679492 0.615613 0.040444 0.456522
0 0.740873 0.615613 0.055834 0.456522
3 0.800823 0.709486 0.052613 0.482213
0 0.856657 0.692688 0.050465 0.488142
5 0.911059 0.702569 0.060487 0.507905
7 0.970293 0.724308 0.049392 0.551383
