22 0.034926 0.284936 0.051031 0.442831
27 0.092110 0.298548 0.045241 0.415608
17 0.155266 0.330309 0.054289 0.453721
27 0.212993 0.346642 0.049584 0.395644
32 0.276873 0.394737 0.050670 0.448276
6 0.335686 0.445554 0.053203 0.437387
8 0.393956 0.460073 0.056822 0.430127
3 0.451683 0.480036 0.049946 0.437387
0 0.511039 0.539020 0.055737 0.442831
20 0.565870 0.531760 0.047412 0.413793
25 0.623598 0.567151 0.058632 0.408348
1 0.675715 0.627949 0.038364 0.424682
0 0.737785 0.609800 0.067680 0.413793
3 0.798227 0.695100 0.051031 0.413793
0 0.859392 0.704174 0.057546 0.453721
5 0.913138 0.696007 0.049946 0.437387
7 0.971770 0.736842 0.056460 0.460980
