22 0.032082 0.253534 0.048122 0.379859
27 0.092417 0.283569 0.057237 0.408127
17 0.155122 0.327739 0.052133 0.429329
27 0.212723 0.355124 0.051404 0.420495
32 0.277069 0.374558 0.056872 0.413428
6 0.333394 0.452297 0.044112 0.413428
8 0.390995 0.430212 0.049945 0.425795
3 0.450784 0.479682 0.060153 0.379859
0 0.509296 0.507067 0.056872 0.424028
20 0.567627 0.564488 0.056872 0.485866
25 0.625046 0.565371 0.053591 0.441696
1 0.680824 0.606007 0.037550 0.402827
0 0.742435 0.634276 0.053591 0.424028
3 0.800948 0.670495 0.054685 0.418728
0 0.852351 0.678445 0.056872 0.413428
5 0.913234 0.719965 0.062705 0.507067
7 0.973387 0.701413 0.053226 0.427562
