22 0.030978 0.221545 0.055157 0.418699
27 0.087080 0.242886 0.052512 0.412602
17 0.153003 0.297764 0.058179 0.436992
27 0.215905 0.371951 0.065357 0.500000
32 0.277106 0.378049 0.052512 0.512195
6 0.336796 0.418699 0.057046 0.406504
8 0.394598 0.464431 0.060824 0.497967
3 0.450699 0.494919 0.051379 0.461382
0 0.510200 0.534553 0.047223 0.455285
20 0.565168 0.547764 0.055912 0.493902
25 0.623536 0.561992 0.058557 0.424797
1 0.684171 0.639228 0.051379 0.542683
0 0.744805 0.634146 0.058557 0.382114
3 0.800907 0.692073 0.053646 0.485772
0 0.863997 0.722561 0.051379 0.461382
5 0.917076 0.722561 0.045712 0.436992
7 0.967133 0.745935 0.054401 0.508130
