22 0.038615 0.233568 0.047771 0.462441
27 0.091959 0.269953 0.056529 0.455399
17 0.156051 0.314554 0.055732 0.516432
27 0.214172 0.330986 0.058121 0.441315
32 0.275080 0.334507 0.052548 0.476526
6 0.329220 0.367371 0.039809 0.476526
8 0.390525 0.427230 0.060510 0.436620
3 0.446258 0.457746 0.050955 0.549296
0 0.503782 0.508216 0.056927 0.490610
20 0.559514 0.508216 0.052150 0.476526
25 0.617436 0.518779 0.054936 0.563380
1 0.674761 0.551643 0.042197 0.535211
0 0.736863 0.605634 0.058917 0.511737
3 0.795979 0.632629 0.056927 0.495305
0 0.856887 0.652582 0.057723 0.535211
5 0.914809 0.656103 0.055732 0.570423
8 0.969745 0.658451 0.060510 0.546948
