22 0.031125 0.289301 0.055866 0.417031
27 0.086991 0.290393 0.051077 0.480349
17 0.149641 0.367904 0.055866 0.500000
27 0.200918 0.367904 0.051476 0.500000
32 0.266560 0.405022 0.061453 0.486900
6 0.327015 0.413755 0.057063 0.443231
8 0.385275 0.460699 0.057063 0.410480
3 0.443136 0.492358 0.057063 0.425764
0 0.499002 0.524017 0.054669 0.449782
20 0.554868 0.557860 0.057063 0.517467
25 0.610335 0.561135 0.057861 0.524017
1 0.670192 0.569869 0.049880 0.506550
0 0.735036 0.610262 0.063847 0.473799
3 0.792698 0.636463 0.057861 0.486900
0 0.854150 0.707424 0.049082 0.493450
5 0.907422 0.713974 0.061453 0.467249
8 0.964884 0.747817 0.060654 0.486900
