22 0.035510 0.297900 0.052245 0.517060
27 0.087755 0.274278 0.052245 0.517060
17 0.151224 0.339895 0.056735 0.532808
27 0.206735 0.366142 0.042857 0.511811
32 0.272653 0.380577 0.061224 0.524934
6 0.326939 0.450131 0.043265 0.574803
8 0.385306 0.468504 0.055510 0.569554
3 0.443673 0.442257 0.040816 0.475066
0 0.502041 0.519685 0.057959 0.540682
20 0.561224 0.544619 0.066939 0.532808
25 0.621837 0.606299 0.056735 0.582677
1 0.675102 0.562992 0.043265 0.643045
0 0.734694 0.632546 0.066939 0.488189
3 0.800816 0.644357 0.061224 0.627297
0 0.858571 0.667979 0.054286 0.517060
5 0.912041 0.679790 0.059184 0.556430
9 0.971224 0.709974 0.057551 0.569554
