22 0.033972 0.263593 0.050438 0.442080
27 0.085661 0.269504 0.049604 0.472813
17 0.148187 0.313239 0.055440 0.460993
27 0.203627 0.351064 0.052105 0.527187
32 0.267612 0.368794 0.060025 0.458629
6 0.324093 0.385343 0.053772 0.515366
8 0.380784 0.453901 0.051271 0.486998
3 0.439141 0.495272 0.049604 0.437352
0 0.495832 0.503546 0.059608 0.472813
20 0.550438 0.544917 0.052939 0.531915
25 0.607962 0.556738 0.056273 0.460993
1 0.665902 0.606383 0.046269 0.527187
0 0.731972 0.626478 0.054189 0.562648
3 0.789496 0.677305 0.055857 0.508274
0 0.849104 0.697400 0.057524 0.510638
5 0.908920 0.711584 0.056273 0.515366
9 0.964569 0.724586 0.060025 0.546099
