22 0.036281 0.245431 0.051150 0.449086
27 0.091990 0.302872 0.053132 0.574413
17 0.154837 0.279373 0.056701 0.485640
27 0.209754 0.345953 0.055511 0.545692
32 0.274782 0.349869 0.049960 0.506527
6 0.331879 0.395561 0.055511 0.477807
8 0.390365 0.425587 0.054322 0.522193
3 0.443695 0.447781 0.049960 0.566580
0 0.501388 0.488251 0.056701 0.605744
20 0.558089 0.532637 0.049564 0.590078
25 0.614195 0.532637 0.060270 0.574413
1 0.674861 0.544386 0.045202 0.509138
0 0.733743 0.566580 0.054322 0.579634
3 0.799366 0.648825 0.056305 0.566580
0 0.854282 0.659269 0.051150 0.618799
5 0.911578 0.656658 0.058684 0.597911
8 0.965900 0.686684 0.056305 0.626632
