22 0.032252 0.283664 0.050080 0.430464
27 0.082933 0.285872 0.051282 0.448124
17 0.147436 0.341060 0.060096 0.434879
27 0.203125 0.359823 0.051282 0.445916
32 0.270433 0.381898 0.054487 0.441501
6 0.322917 0.418322 0.045673 0.452539
8 0.383013 0.452539 0.060897 0.423841
3 0.442508 0.463576 0.050881 0.459161
0 0.502003 0.492274 0.056891 0.441501
20 0.554888 0.497792 0.048878 0.479029
25 0.615184 0.515453 0.055689 0.417219
1 0.675681 0.573951 0.045272 0.534216
0 0.732572 0.599338 0.058894 0.545254
3 0.796274 0.647903 0.055689 0.434879
0 0.853165 0.639073 0.062099 0.465784
5 0.908854 0.645695 0.058093 0.465784
8 0.966146 0.651214 0.063702 0.516556
