22 0.035256 0.293716 0.053686 0.516393
27 0.089143 0.286885 0.050080 0.469945
17 0.149840 0.308743 0.057692 0.562842
27 0.207131 0.346995 0.052083 0.513661
32 0.268429 0.374317 0.045673 0.568306
6 0.327524 0.407104 0.050080 0.562842
8 0.384615 0.411202 0.057692 0.571038
3 0.444712 0.491803 0.051282 0.683060
0 0.502003 0.506831 0.054487 0.592896
20 0.557692 0.517760 0.052083 0.614754
25 0.613982 0.568306 0.055689 0.683060
1 0.675681 0.609290 0.045272 0.628415
0 0.732973 0.612022 0.066907 0.530055
3 0.795873 0.628415 0.052484 0.606557
0 0.848157 0.658470 0.056891 0.683060
5 0.907051 0.688525 0.056891 0.562842
9 0.968550 0.684426 0.052484 0.631148
