22 0.032919 0.268585 0.048976 0.460432
27 0.090927 0.276978 0.049378 0.505995
17 0.154556 0.314149 0.060217 0.460432
27 0.208752 0.334532 0.054597 0.486811
32 0.270976 0.351319 0.052188 0.491607
6 0.327981 0.394484 0.054597 0.553957
8 0.388599 0.437650 0.051385 0.505995
3 0.446206 0.465228 0.052589 0.546763
0 0.504014 0.454436 0.050181 0.525180
20 0.558611 0.497602 0.061421 0.573141
25 0.619631 0.568345 0.055801 0.580336
1 0.670815 0.544365 0.042553 0.561151
0 0.734444 0.617506 0.058210 0.520384
3 0.795062 0.623501 0.050181 0.546763
0 0.851465 0.647482 0.065034 0.484412
5 0.910076 0.645084 0.054597 0.546763
9 0.967884 0.640288 0.054597 0.565947
