22 0.031879 0.225173 0.048658 0.436490
27 0.085570 0.256351 0.052013 0.411085
17 0.149748 0.306005 0.055369 0.436490
27 0.205327 0.324480 0.053272 0.473441
32 0.268666 0.348730 0.065017 0.424942
6 0.326342 0.399538 0.048658 0.512702
8 0.384438 0.445727 0.046560 0.480370
3 0.443792 0.489607 0.047819 0.466513
0 0.501049 0.496536 0.050755 0.517321
20 0.554320 0.509238 0.050755 0.505774
25 0.613884 0.555427 0.065856 0.501155
1 0.677852 0.595843 0.035235 0.503464
0 0.738674 0.630485 0.052013 0.498845
3 0.795931 0.676674 0.053272 0.480370
0 0.854866 0.702079 0.048658 0.480370
5 0.912122 0.726328 0.056628 0.505774
9 0.968750 0.729792 0.059144 0.512702
