22 0.031262 0.259390 0.048984 0.462441
27 0.089207 0.266432 0.053365 0.490610
17 0.149940 0.307512 0.056949 0.502347
27 0.206890 0.330986 0.056949 0.469484
32 0.267822 0.350939 0.044205 0.495305
6 0.325169 0.410798 0.052170 0.483568
8 0.386699 0.441315 0.054958 0.502347
3 0.440661 0.468310 0.051374 0.528169
0 0.497013 0.488263 0.061330 0.474178
20 0.552768 0.488263 0.047790 0.488263
25 0.610315 0.538732 0.062525 0.537559
1 0.672242 0.569249 0.045400 0.556338
0 0.737157 0.605634 0.054958 0.535211
3 0.798088 0.649061 0.050976 0.542254
0 0.853246 0.688967 0.052170 0.570423
5 0.907208 0.688967 0.058144 0.570423
8 0.964755 0.698357 0.056949 0.603286
