22 0.031901 0.207921 0.047934 0.376238
27 0.091736 0.227723 0.053884 0.415842
17 0.153223 0.262376 0.055868 0.392739
27 0.211570 0.310231 0.053554 0.409241
32 0.274215 0.325083 0.051240 0.369637
6 0.333388 0.370462 0.041983 0.358086
8 0.391570 0.430693 0.051240 0.409241
3 0.446281 0.456271 0.046942 0.460396
0 0.505620 0.469472 0.055868 0.397690
20 0.565950 0.514851 0.053554 0.455446
25 0.622314 0.541254 0.057190 0.471947
1 0.684628 0.597360 0.033058 0.471947
0 0.744959 0.632013 0.055868 0.495050
3 0.802479 0.658416 0.052562 0.455446
0 0.866281 0.660066 0.057190 0.518152
6 0.929091 0.723597 0.054545 0.427393
1 0.977521 0.731848 0.037686 0.490099
