22 0.031137 0.222940 0.049753 0.397415
27 0.084020 0.242326 0.053377 0.413570
17 0.149918 0.279483 0.051400 0.407108
27 0.210708 0.323910 0.058979 0.418417
32 0.269687 0.337641 0.047776 0.400646
6 0.328171 0.382068 0.057990 0.366721
8 0.391269 0.412763 0.057002 0.395800
3 0.446458 0.457997 0.044152 0.350565
0 0.501647 0.494346 0.058979 0.423263
20 0.562438 0.508078 0.048764 0.473344
25 0.617463 0.558158 0.054695 0.418417
1 0.682867 0.618740 0.039868 0.407108
0 0.742998 0.649435 0.051400 0.468498
3 0.804448 0.685784 0.051071 0.418417
0 0.863921 0.718901 0.056672 0.484653
6 0.921911 0.747173 0.047446 0.441034
1 0.978254 0.772213 0.040198 0.455574
