22 0.029187 0.264471 0.052405 0.481038
27 0.089221 0.292415 0.063018 0.481038
17 0.152239 0.334331 0.058375 0.536926
27 0.211111 0.341317 0.059370 0.495010
32 0.276285 0.371257 0.057048 0.475050
6 0.335821 0.433134 0.043449 0.542914
8 0.392869 0.450100 0.054726 0.508982
3 0.451907 0.482036 0.051410 0.489022
0 0.510116 0.499002 0.053731 0.495010
20 0.570149 0.532934 0.059701 0.550898
25 0.628524 0.553892 0.047761 0.576846
1 0.688557 0.588822 0.039801 0.550898
0 0.748093 0.616766 0.051410 0.550898
3 0.801824 0.629741 0.056053 0.536926
0 0.863018 0.670659 0.050415 0.618762
6 0.917247 0.687625 0.053400 0.624750
0 0.971642 0.742515 0.050083 0.514970
