22 0.033511 0.267290 0.048349 0.452336
27 0.095032 0.286916 0.058686 0.450467
17 0.156052 0.309346 0.049350 0.457944
27 0.214071 0.315888 0.050684 0.497196
32 0.273758 0.357944 0.046015 0.502804
6 0.334278 0.437383 0.056352 0.418692
8 0.392798 0.470093 0.049350 0.521495
3 0.450483 0.483178 0.049350 0.457944
0 0.507336 0.512150 0.059687 0.411215
20 0.563688 0.547664 0.057686 0.508411
25 0.623374 0.589720 0.055018 0.566355
1 0.680894 0.583178 0.036679 0.515888
0 0.741747 0.615888 0.064355 0.476636
4 0.800934 0.644860 0.054018 0.586916
0 0.858453 0.663551 0.051684 0.549533
6 0.915472 0.734579 0.055018 0.497196
0 0.970157 0.728037 0.051684 0.521495
