22 0.029383 0.280000 0.052200 0.448000
27 0.080762 0.305000 0.048588 0.454000
17 0.146914 0.322000 0.067958 0.476000
27 0.209783 0.367000 0.057781 0.538000
32 0.266579 0.353000 0.053185 0.482000
6 0.321898 0.436000 0.050886 0.552000
8 0.384767 0.464000 0.051871 0.496000
3 0.443697 0.464000 0.054169 0.456000
0 0.498030 0.491000 0.049902 0.566000
20 0.559094 0.512000 0.051871 0.456000
25 0.615233 0.564000 0.062377 0.600000
1 0.669567 0.570000 0.033158 0.532000
0 0.739002 0.626000 0.057781 0.572000
3 0.795469 0.612000 0.053185 0.516000
0 0.851609 0.708000 0.054498 0.584000
6 0.904137 0.696000 0.057781 0.604000
0 0.964708 0.698000 0.056796 0.592000
