22 0.037000 0.251901 0.050667 0.492395
27 0.088167 0.261407 0.054333 0.511407
17 0.153167 0.294677 0.059667 0.444867
27 0.209500 0.330798 0.057667 0.479087
32 0.279500 0.373574 0.053000 0.500000
6 0.335333 0.406844 0.049333 0.471483
8 0.390500 0.426806 0.061000 0.511407
3 0.449000 0.494297 0.042667 0.570342
0 0.509333 0.495247 0.050667 0.530418
20 0.562833 0.491445 0.047000 0.564639
25 0.622000 0.583650 0.055333 0.498099
1 0.681000 0.613118 0.044000 0.530418
0 0.739000 0.668251 0.054000 0.511407
3 0.797833 0.652091 0.051667 0.505703
0 0.850500 0.655894 0.056333 0.589354
6 0.910500 0.698669 0.056333 0.492395
0 0.966667 0.742395 0.054000 0.515209
