22 0.028256 0.298113 0.046175 0.426415
27 0.082702 0.323585 0.051688 0.477358
17 0.147657 0.326415 0.052722 0.460377
27 0.208132 0.360377 0.051688 0.452830
32 0.271709 0.373585 0.050655 0.441509
6 0.331496 0.420755 0.053067 0.445283
8 0.389559 0.465094 0.049276 0.409434
3 0.448656 0.502830 0.046175 0.447170
0 0.507753 0.536792 0.049276 0.477358
20 0.565300 0.517925 0.049276 0.439623
25 0.625086 0.556604 0.051688 0.452830
1 0.692281 0.616038 0.041351 0.458491
0 0.748449 0.653774 0.048243 0.533962
3 0.804101 0.641509 0.056168 0.433962
0 0.868022 0.687736 0.041351 0.503774
6 0.922984 0.697170 0.052722 0.484906
1 0.975362 0.716981 0.040317 0.509434
