22 0.033158 0.287037 0.053185 0.459259
27 0.089297 0.290741 0.056467 0.492593
17 0.153152 0.345370 0.055483 0.524074
27 0.213395 0.348148 0.057781 0.414815
32 0.279547 0.389815 0.058766 0.472222
6 0.337163 0.412037 0.054498 0.438889
8 0.398884 0.504630 0.057781 0.561111
3 0.455515 0.459259 0.048917 0.459259
0 0.514938 0.501852 0.058766 0.466667
20 0.569271 0.526852 0.045305 0.531481
25 0.625739 0.545370 0.065660 0.453704
1 0.680401 0.578704 0.045634 0.542593
0 0.745076 0.631481 0.052200 0.485185
3 0.802364 0.657407 0.053185 0.459259
0 0.859488 0.680556 0.065660 0.490741
6 0.914970 0.689815 0.045305 0.509259
0 0.963559 0.695370 0.059094 0.498148
