22 0.028724 0.240927 0.050100 0.437500
27 0.084001 0.267137 0.057782 0.477823
17 0.151804 0.308468 0.057782 0.463710
27 0.208083 0.327621 0.050100 0.477823
32 0.276052 0.378024 0.067802 0.538306
6 0.335003 0.399194 0.050100 0.483871
8 0.396794 0.428427 0.058116 0.489919
3 0.453574 0.472782 0.053440 0.578629
0 0.508183 0.489919 0.064462 0.463710
20 0.567635 0.536290 0.047762 0.572581
25 0.631263 0.536290 0.063460 0.435484
1 0.686707 0.603831 0.043420 0.570565
0 0.747996 0.650202 0.059118 0.570565
3 0.804275 0.654234 0.053440 0.510081
0 0.863894 0.694556 0.054442 0.550403
6 0.920007 0.701613 0.051102 0.564516
0 0.974449 0.703629 0.051102 0.544355
