22 0.031162 0.284221 0.054577 0.454373
27 0.089085 0.289924 0.047887 0.404943
17 0.150000 0.336502 0.062676 0.498099
27 0.212500 0.369772 0.051056 0.416350
32 0.275000 0.385932 0.053521 0.460076
6 0.336972 0.427757 0.059155 0.410646
8 0.393134 0.446768 0.048944 0.471483
3 0.446127 0.461977 0.052113 0.479087
0 0.509683 0.526616 0.056690 0.422053
20 0.565845 0.566540 0.055634 0.528517
25 0.627289 0.627376 0.051056 0.539924
1 0.689085 0.624525 0.040845 0.496198
0 0.745951 0.670152 0.056690 0.454373
3 0.803873 0.680608 0.052113 0.509506
0 0.866197 0.716730 0.050000 0.482890
6 0.923063 0.711027 0.054577 0.422053
1 0.971303 0.722433 0.039789 0.520913
