22 0.029941 0.549430 0.054739 0.817490
27 0.086701 0.538023 0.049963 0.885932
17 0.150625 0.492395 0.055841 0.840304
27 0.206833 0.553232 0.043350 0.893536
30 0.268185 0.515209 0.049963 0.840304
5 0.332109 0.498099 0.053637 0.828897
8 0.387215 0.558935 0.052168 0.882129
9 0.449669 0.532319 0.049963 0.828897
0 0.502939 0.560837 0.052168 0.863118
20 0.560434 0.515209 0.053270 0.885932
25 0.617744 0.520913 0.056943 0.942966
0 0.676157 0.520913 0.046657 0.920152
6 0.737325 0.536122 0.051433 0.927757
0 0.790779 0.520913 0.057678 0.942966
9 0.853417 0.558935 0.049229 0.882129
2 0.909809 0.543726 0.046657 0.874525
0 0.966201 0.532319 0.056576 0.874525
