22 0.034252 0.262637 0.054356 0.446154
27 0.088980 0.272527 0.052867 0.465934
17 0.151713 0.308791 0.053984 0.512088
27 0.209792 0.338462 0.053239 0.465934
32 0.273455 0.354945 0.056217 0.472527
6 0.330975 0.400000 0.052122 0.479121
8 0.385704 0.429670 0.055101 0.485714
3 0.444527 0.489011 0.046165 0.512088
0 0.502420 0.479121 0.053984 0.479121
20 0.556590 0.512088 0.049888 0.518681
25 0.615227 0.541758 0.056217 0.498901
1 0.674609 0.592308 0.041698 0.613187
0 0.734363 0.595604 0.055473 0.593407
3 0.796351 0.675824 0.046165 0.525275
0 0.851638 0.702198 0.053239 0.512088
6 0.907669 0.709890 0.052122 0.580220
2 0.966679 0.751648 0.059940 0.492308
