22 0.033634 0.506579 0.052236 0.717105
27 0.089816 0.521382 0.057873 0.726974
17 0.152011 0.521382 0.052236 0.707237
27 0.212326 0.511513 0.050357 0.707237
30 0.271514 0.501645 0.054491 0.667763
5 0.332958 0.506579 0.057121 0.638158
8 0.391582 0.521382 0.055618 0.766447
9 0.449831 0.549342 0.051109 0.901316
0 0.509019 0.546053 0.051484 0.717105
20 0.564262 0.531250 0.052236 0.825658
25 0.619316 0.501645 0.048854 0.707237
0 0.681135 0.578947 0.055994 0.842105
6 0.741826 0.491776 0.050357 0.805921
0 0.802142 0.546053 0.059000 0.717105
9 0.857948 0.516447 0.052612 0.894737
2 0.918264 0.511513 0.054491 0.707237
0 0.972755 0.481908 0.054491 0.746711
