22 0.033679 0.557836 0.054034 0.802239
27 0.088638 0.552239 0.055885 0.835821
17 0.149704 0.501866 0.055144 0.802239
27 0.210955 0.501866 0.054034 0.667910
30 0.270910 0.468284 0.054774 0.757463
5 0.334752 0.535448 0.057365 0.824627
8 0.394338 0.501866 0.055144 0.869403
9 0.447631 0.490672 0.044782 0.936567
0 0.505922 0.479478 0.056255 0.891791
20 0.567358 0.516791 0.053294 0.966418
25 0.628608 0.524254 0.052924 0.891791
0 0.686343 0.429104 0.055885 0.768657
6 0.743153 0.468284 0.050333 0.824627
0 0.803664 0.490672 0.050703 0.847015
9 0.860289 0.490672 0.047002 0.936567
2 0.919134 0.479478 0.048483 0.869403
0 0.972983 0.485075 0.048113 0.925373
