22 0.032633 0.252515 0.054941 0.480885
27 0.092920 0.285714 0.056785 0.474849
17 0.150442 0.312877 0.053835 0.468813
27 0.207965 0.355131 0.045723 0.444668
32 0.270649 0.368209 0.058997 0.482897
6 0.332043 0.408451 0.057153 0.426559
8 0.393437 0.453722 0.054572 0.456740
3 0.449484 0.498994 0.050147 0.547284
0 0.505162 0.498994 0.047935 0.450704
20 0.562869 0.529175 0.051254 0.450704
25 0.618732 0.587525 0.056047 0.519115
1 0.673488 0.633803 0.040192 0.462777
0 0.739307 0.673038 0.056047 0.505030
3 0.794063 0.685111 0.046829 0.529175
0 0.855088 0.721328 0.054572 0.492958
6 0.912979 0.739437 0.047935 0.492958
2 0.962205 0.752515 0.045354 0.494970
