22 0.032641 0.241966 0.051929 0.423440
27 0.088279 0.273157 0.052671 0.349716
17 0.151892 0.321361 0.053783 0.434783
27 0.212537 0.346881 0.056380 0.395085
32 0.274852 0.381853 0.057122 0.442344
6 0.335497 0.428166 0.059718 0.429112
8 0.391135 0.424386 0.049332 0.448015
3 0.448071 0.456522 0.050445 0.383743
0 0.506491 0.513233 0.055267 0.417769
20 0.561573 0.524575 0.050445 0.406427
25 0.618323 0.539698 0.051929 0.538752
1 0.682864 0.622873 0.045994 0.429112
0 0.738501 0.671078 0.058605 0.548204
3 0.797478 0.685255 0.048220 0.497164
0 0.854228 0.699433 0.054154 0.502836
6 0.910423 0.705104 0.053783 0.502836
2 0.969028 0.762760 0.056009 0.448015
