22 0.032386 0.617647 0.051136 0.743945
27 0.091288 0.617647 0.053030 0.764706
17 0.149811 0.555363 0.058712 0.743945
27 0.208144 0.576125 0.057955 0.702422
30 0.275189 0.550173 0.055682 0.671280
5 0.332008 0.555363 0.055682 0.743945
8 0.392235 0.560554 0.053409 0.775087
9 0.452273 0.581315 0.049242 0.795848
0 0.511364 0.560554 0.053788 0.754325
20 0.566477 0.544983 0.054924 0.785467
25 0.625000 0.484429 0.042424 0.802768
0 0.685038 0.555363 0.053409 0.806228
6 0.748674 0.570934 0.053409 0.775087
0 0.807197 0.479239 0.050000 0.771626
9 0.866667 0.525952 0.042424 0.885813
2 0.919697 0.463668 0.059091 0.761246
0 0.976326 0.444637 0.047348 0.723183
