22 0.033186 0.232246 0.049410 0.418426
27 0.086836 0.258157 0.051254 0.424184
17 0.152102 0.298464 0.052729 0.424184
27 0.209071 0.344530 0.052360 0.458733
32 0.271755 0.362764 0.056785 0.483685
6 0.334255 0.415547 0.059366 0.389635
8 0.396386 0.435701 0.056047 0.383877
3 0.443768 0.458733 0.050516 0.441459
0 0.502397 0.499040 0.055678 0.476008
20 0.561209 0.550864 0.045723 0.441459
25 0.620391 0.574856 0.054941 0.477927
1 0.681232 0.650672 0.037979 0.499040
0 0.740966 0.662188 0.050516 0.522073
3 0.798488 0.679463 0.051254 0.418426
0 0.856748 0.719770 0.057891 0.487524
6 0.914270 0.738004 0.059366 0.523992
2 0.970686 0.769674 0.049041 0.460653
