22 0.036786 0.212702 0.053807 0.397177
27 0.094436 0.246976 0.054905 0.441532
17 0.157943 0.312500 0.049414 0.447581
27 0.214495 0.337702 0.054905 0.409274
32 0.276903 0.338710 0.053807 0.459677
6 0.339312 0.388105 0.052709 0.409274
8 0.395864 0.416331 0.049414 0.465726
3 0.451318 0.435484 0.050512 0.479839
0 0.508419 0.486895 0.052709 0.441532
20 0.566252 0.511089 0.056369 0.441532
25 0.622804 0.546371 0.059663 0.483871
1 0.683016 0.595766 0.042460 0.510081
0 0.748170 0.637097 0.058565 0.516129
3 0.805454 0.687500 0.053807 0.491935
0 0.863104 0.715726 0.059297 0.536290
6 0.915081 0.706653 0.049048 0.518145
2 0.969253 0.713710 0.061493 0.504032
