22 0.026882 0.591575 0.047619 0.743590
27 0.081605 0.631868 0.052611 0.736264
17 0.147273 0.620879 0.057988 0.758242
27 0.209869 0.597070 0.056452 0.754579
30 0.269777 0.569597 0.051843 0.765568
5 0.329109 0.553114 0.057604 0.776557
8 0.387289 0.531136 0.049539 0.776557
9 0.448925 0.525641 0.052995 0.809524
0 0.502496 0.516484 0.054147 0.915751
20 0.562404 0.525641 0.051843 0.809524
25 0.619432 0.500000 0.055300 0.816850
0 0.678187 0.509158 0.055300 0.776557
6 0.739055 0.531136 0.051075 0.798535
0 0.798963 0.538462 0.055684 0.915751
9 0.861559 0.483516 0.058756 0.871795
2 0.916475 0.527473 0.051075 0.937729
0 0.972542 0.446886 0.054916 0.798535
