22 0.028610 0.546642 0.051075 0.757463
27 0.089094 0.518657 0.054531 0.768657
17 0.153418 0.535448 0.061060 0.779851
27 0.210445 0.524254 0.055300 0.712687
30 0.276690 0.490672 0.058756 0.735075
5 0.336982 0.514925 0.053379 0.820896
8 0.394585 0.541045 0.048771 0.746269
9 0.456221 0.507463 0.045315 0.746269
0 0.513249 0.507463 0.051075 0.791045
20 0.570853 0.572761 0.051075 0.854478
25 0.631720 0.520522 0.057604 0.899254
0 0.693356 0.513060 0.049539 0.779851
6 0.751536 0.535448 0.046083 0.802239
0 0.809140 0.531716 0.064516 0.854478
9 0.870200 0.498134 0.048387 0.876866
2 0.925307 0.572761 0.054916 0.854478
1 0.981567 0.507463 0.036866 0.768657
