22 0.035038 0.579051 0.060985 0.833992
27 0.091288 0.575099 0.051515 0.802372
17 0.153598 0.557312 0.057955 0.790514
27 0.211553 0.569170 0.060227 0.766798
30 0.273485 0.557312 0.052273 0.814229
5 0.329735 0.505929 0.053409 0.664032
8 0.391098 0.569170 0.062500 0.814229
9 0.447727 0.515810 0.044697 0.826087
0 0.506439 0.549407 0.050000 0.893281
20 0.561174 0.527668 0.050379 0.936759
25 0.619508 0.488142 0.048864 0.810277
0 0.679735 0.460474 0.055682 0.778656
6 0.740341 0.476285 0.045833 0.881423
0 0.798106 0.458498 0.054545 0.735178
9 0.853598 0.529644 0.054167 0.940711
2 0.912311 0.476285 0.051136 0.810277
2 0.970265 0.482213 0.051136 0.869565
