22 0.026579 0.656040 0.046763 0.687919
27 0.079936 0.640940 0.059153 0.691275
17 0.143086 0.639262 0.055955 0.721477
27 0.202838 0.622483 0.052358 0.755034
30 0.260592 0.573826 0.051159 0.651007
5 0.323541 0.593960 0.053157 0.630872
8 0.380895 0.610738 0.049560 0.711409
9 0.439249 0.573826 0.053557 0.785235
0 0.498002 0.526846 0.056755 0.691275
20 0.554157 0.510067 0.051559 0.724832
25 0.611910 0.505034 0.050360 0.728188
0 0.674061 0.526846 0.049161 0.785235
6 0.730416 0.453020 0.053957 0.664430
0 0.791567 0.446309 0.046763 0.671141
9 0.850520 0.427852 0.047962 0.728188
2 0.906875 0.446309 0.061551 0.738255
2 0.966827 0.412752 0.055955 0.697987
