22 0.031989 0.567194 0.051570 0.841897
27 0.090927 0.545455 0.054672 0.790514
17 0.153742 0.545455 0.052346 0.790514
27 0.218302 0.533597 0.058162 0.743083
30 0.279953 0.553360 0.050407 0.814229
5 0.340636 0.498024 0.056999 0.750988
8 0.397829 0.545455 0.045754 0.790514
9 0.456185 0.545455 0.050795 0.909091
0 0.514153 0.553360 0.045754 0.885375
20 0.573672 0.547431 0.056223 0.754941
25 0.630671 0.569170 0.046142 0.861660
0 0.694649 0.545455 0.057774 0.814229
6 0.752617 0.553360 0.048081 0.885375
0 0.811943 0.573123 0.050407 0.845850
9 0.867390 0.547431 0.050407 0.897233
2 0.923226 0.575099 0.049632 0.833992
1 0.974603 0.547431 0.041489 0.897233
