22 0.031551 0.668605 0.058484 0.540698
27 0.085225 0.646802 0.051943 0.561047
17 0.148903 0.617733 0.054636 0.561047
27 0.207965 0.607558 0.058099 0.563953
30 0.268950 0.572674 0.053097 0.569767
5 0.328588 0.547965 0.053097 0.561047
8 0.385148 0.527616 0.056945 0.561047
9 0.447480 0.552326 0.054636 0.674419
0 0.508657 0.476744 0.056945 0.540698
20 0.560215 0.501453 0.043863 0.671512
25 0.620046 0.476744 0.051943 0.703488
0 0.678338 0.436047 0.051558 0.581395
6 0.737976 0.431686 0.049250 0.630814
0 0.797807 0.388081 0.048865 0.561047
9 0.853405 0.366279 0.049250 0.622093
2 0.914583 0.366279 0.056945 0.680233
2 0.969604 0.390988 0.047711 0.712209
