22 0.028220 0.699468 0.052652 0.590426
27 0.083712 0.674202 0.055303 0.598404
17 0.145265 0.642287 0.062500 0.609043
27 0.206818 0.632979 0.060606 0.569149
30 0.266288 0.590426 0.055303 0.542553
5 0.326705 0.590426 0.054167 0.579787
8 0.384659 0.523936 0.054167 0.484043
9 0.442992 0.537234 0.048864 0.606383
0 0.499811 0.476064 0.054167 0.521277
20 0.555871 0.465426 0.055682 0.617021
25 0.611932 0.466755 0.048864 0.598404
0 0.677083 0.452128 0.059470 0.553191
6 0.733144 0.400266 0.057955 0.561170
0 0.794697 0.422872 0.062121 0.627660
9 0.851515 0.385638 0.048485 0.643617
2 0.910417 0.385638 0.052652 0.664894
2 0.969886 0.365691 0.055682 0.646277
