22 0.030509 0.577519 0.050136 0.821705
27 0.085503 0.513566 0.050525 0.763566
17 0.151768 0.548450 0.059464 0.856589
27 0.209483 0.560078 0.048970 0.879845
30 0.274194 0.548450 0.059464 0.833333
5 0.336378 0.486434 0.054023 0.794574
8 0.391178 0.513566 0.049359 0.833333
9 0.451807 0.470930 0.056354 0.763566
0 0.511271 0.519380 0.051691 0.844961
20 0.564905 0.542636 0.049359 0.798450
25 0.622620 0.521318 0.048193 0.910853
0 0.680529 0.480620 0.058298 0.806202
6 0.746794 0.492248 0.049359 0.875969
0 0.801593 0.509690 0.051691 0.864341
9 0.865527 0.519380 0.053634 0.821705
2 0.924019 0.498062 0.047027 0.910853
1 0.978818 0.501938 0.042363 0.848837
