22 0.028618 0.547782 0.050756 0.754266
27 0.083693 0.510239 0.055076 0.726962
17 0.147228 0.515358 0.056156 0.737201
27 0.205184 0.530717 0.052556 0.767918
30 0.266919 0.472696 0.052916 0.713311
5 0.327754 0.515358 0.057235 0.737201
8 0.386429 0.505119 0.055076 0.737201
9 0.446904 0.537543 0.055076 0.883959
0 0.503960 0.474403 0.053996 0.757679
20 0.559035 0.500000 0.053996 0.808874
25 0.616451 0.472696 0.047156 0.822526
0 0.678186 0.462457 0.058315 0.733788
6 0.737221 0.500000 0.059755 0.829352
0 0.796976 0.467577 0.066235 0.853242
9 0.862671 0.457338 0.051476 0.832765
2 0.918467 0.467577 0.050756 0.914676
2 0.973542 0.428328 0.052916 0.774744
