22 0.029024 0.588710 0.052285 0.774194
27 0.087485 0.566532 0.058049 0.794355
17 0.149238 0.590726 0.052285 0.818548
27 0.205434 0.590726 0.048580 0.729839
30 0.269041 0.584677 0.048991 0.830645
5 0.326266 0.584677 0.052285 0.830645
8 0.384109 0.540323 0.047756 0.782258
9 0.441334 0.562500 0.055990 0.875000
0 0.502470 0.562500 0.051462 0.875000
20 0.557637 0.552419 0.052285 0.895161
25 0.616509 0.534274 0.049815 0.858871
0 0.680527 0.520161 0.062577 0.806452
6 0.739605 0.512097 0.048991 0.838710
0 0.795183 0.489919 0.048991 0.818548
9 0.855290 0.518145 0.051462 0.955645
2 0.912721 0.546371 0.052697 0.907258
1 0.965830 0.514113 0.034582 0.971774
