22 0.032386 0.440647 0.055682 0.730216
25 0.093939 0.498201 0.056818 0.802158
17 0.157008 0.456835 0.057955 0.762590
27 0.212689 0.492806 0.053409 0.834532
30 0.276326 0.429856 0.055682 0.730216
5 0.337689 0.465827 0.055682 0.780576
8 0.396023 0.514388 0.052652 0.856115
9 0.453409 0.544964 0.044697 0.838129
0 0.515152 0.419065 0.063636 0.773381
20 0.570455 0.487410 0.046970 0.866906
25 0.629356 0.487410 0.051136 0.823741
0 0.693561 0.492806 0.056818 0.899281
6 0.747538 0.460432 0.051136 0.899281
0 0.807197 0.514388 0.059091 0.834532
9 0.866098 0.508993 0.045833 0.866906
2 0.922538 0.530576 0.048864 0.845324
1 0.973864 0.514388 0.037879 0.856115
