22 0.035810 0.684953 0.056401 0.536050
27 0.088406 0.625392 0.051477 0.598746
17 0.154208 0.642633 0.062220 0.545455
27 0.211504 0.597179 0.049687 0.542320
30 0.270591 0.568966 0.057744 0.561129
5 0.330573 0.517241 0.048791 0.608150
8 0.390555 0.542320 0.055058 0.507837
9 0.450537 0.531348 0.048791 0.598746
0 0.509624 0.489028 0.054163 0.626959
20 0.561101 0.490596 0.048791 0.661442
25 0.613697 0.435737 0.048344 0.608150
0 0.680842 0.443574 0.056401 0.536050
6 0.740824 0.421630 0.052820 0.598746
0 0.798568 0.351097 0.047449 0.589342
9 0.858102 0.374608 0.044763 0.673981
2 0.913832 0.351097 0.051477 0.626959
3 0.970457 0.324451 0.045658 0.592476
