22 0.035475 0.593511 0.053607 0.774809
27 0.089476 0.576336 0.051242 0.763359
17 0.151754 0.530534 0.065432 0.748092
27 0.208908 0.549618 0.051242 0.786260
30 0.270004 0.524809 0.055183 0.736641
5 0.329129 0.524809 0.060702 0.790076
8 0.391604 0.562977 0.056366 0.713740
9 0.450532 0.549618 0.051242 0.786260
0 0.508475 0.517176 0.059125 0.774809
20 0.565037 0.524809 0.048482 0.889313
25 0.623374 0.524809 0.050059 0.736641
0 0.685849 0.530534 0.051242 0.824427
6 0.744974 0.517176 0.053607 0.904580
0 0.800749 0.492366 0.057942 0.824427
9 0.863816 0.538168 0.052424 0.916031
2 0.921758 0.498092 0.052424 0.812977
4 0.972605 0.482824 0.054789 0.782443
