22 0.032819 0.660900 0.051542 0.678201
27 0.088106 0.603806 0.057269 0.543253
17 0.150661 0.614187 0.057269 0.605536
27 0.206167 0.581315 0.056388 0.629758
30 0.272247 0.555363 0.054626 0.619377
5 0.329515 0.560554 0.059912 0.671280
8 0.388326 0.555363 0.049780 0.619377
9 0.445815 0.544983 0.054626 0.723183
0 0.502423 0.524221 0.053304 0.640138
20 0.555727 0.508651 0.050661 0.692042
25 0.616079 0.493080 0.050661 0.681661
0 0.677313 0.498270 0.045374 0.650519
6 0.729956 0.430796 0.057269 0.640138
0 0.794934 0.425606 0.055947 0.650519
9 0.852203 0.430796 0.050661 0.723183
2 0.908150 0.404844 0.053304 0.712803
3 0.969824 0.430796 0.050661 0.743945
