22 0.033958 0.577338 0.053864 0.780576
27 0.089188 0.491007 0.051132 0.708633
17 0.150468 0.534173 0.052693 0.744604
27 0.206284 0.539568 0.056596 0.805755
30 0.273029 0.507194 0.055035 0.719424
5 0.325527 0.503597 0.044496 0.755396
8 0.384075 0.435252 0.048400 0.719424
9 0.447307 0.571942 0.048400 0.820144
0 0.503708 0.447842 0.051132 0.744604
20 0.556401 0.435252 0.051132 0.841727
25 0.618267 0.496403 0.053864 0.841727
0 0.676620 0.539568 0.049571 0.856115
6 0.732631 0.428058 0.064793 0.755396
0 0.794496 0.410072 0.058938 0.769784
9 0.854411 0.453237 0.049961 0.784173
2 0.912178 0.435252 0.055425 0.769784
4 0.970141 0.453237 0.058158 0.784173
