22 0.031943 0.724924 0.054126 0.507599
27 0.087400 0.699088 0.051464 0.601824
17 0.152174 0.702128 0.057675 0.571429
27 0.212067 0.645897 0.056788 0.550152
30 0.270630 0.623100 0.055013 0.559271
5 0.329636 0.600304 0.052351 0.513678
8 0.389752 0.594225 0.051020 0.580547
9 0.446761 0.575988 0.052351 0.562310
0 0.503771 0.548632 0.053682 0.525836
20 0.560337 0.525836 0.054126 0.626140
25 0.620896 0.507599 0.045697 0.607903
0 0.680568 0.512158 0.049689 0.525836
6 0.731588 0.471125 0.052351 0.607903
0 0.797693 0.457447 0.057675 0.635258
9 0.856034 0.452888 0.045697 0.699088
2 0.906389 0.402736 0.060337 0.635258
3 0.967835 0.393617 0.053682 0.544073
