22 0.032036 0.561837 0.054339 0.791519
27 0.087997 0.544170 0.052717 0.727915
17 0.146796 0.526502 0.056772 0.692580
27 0.210462 0.531802 0.056772 0.681979
30 0.266626 0.531802 0.055556 0.681979
5 0.325426 0.521201 0.053933 0.681979
8 0.384834 0.579505 0.056772 0.756184
9 0.442822 0.538869 0.048662 0.717314
0 0.496350 0.496466 0.055150 0.681979
20 0.555961 0.521201 0.052717 0.823322
25 0.614761 0.508834 0.056772 0.756184
0 0.678224 0.554770 0.051500 0.777385
6 0.734793 0.491166 0.056772 0.763251
0 0.795012 0.432862 0.057989 0.787986
9 0.854623 0.514134 0.049878 0.929329
2 0.911395 0.496466 0.063666 0.752650
4 0.972222 0.459364 0.055556 0.819788
