22 0.033642 0.542071 0.051620 0.708738
27 0.087754 0.517799 0.056604 0.705502
17 0.151121 0.535599 0.056604 0.721683
27 0.211107 0.542071 0.060520 0.754045
30 0.275543 0.504854 0.063368 0.828479
5 0.340157 0.493528 0.055180 0.708738
8 0.396938 0.500000 0.055536 0.695793
9 0.453720 0.530744 0.050196 0.802589
0 0.512282 0.524272 0.059096 0.789644
20 0.569598 0.529126 0.049840 0.851133
25 0.624422 0.500000 0.054112 0.838188
0 0.687077 0.517799 0.055536 0.828479
6 0.746885 0.451456 0.054112 0.721683
0 0.806337 0.475728 0.056960 0.789644
9 0.865611 0.498382 0.056604 0.886731
2 0.919722 0.482201 0.051620 0.828479
4 0.971876 0.475728 0.052688 0.886731
