22 0.032946 0.628763 0.053164 0.742475
27 0.092100 0.600334 0.056159 0.705686
17 0.151629 0.551839 0.059903 0.682274
27 0.208349 0.570234 0.053538 0.739130
30 0.272744 0.563545 0.053538 0.725753
5 0.328903 0.510033 0.058779 0.719064
8 0.391614 0.521739 0.059154 0.762542
9 0.451891 0.533445 0.050917 0.785953
0 0.508611 0.521739 0.055036 0.695652
20 0.562711 0.521739 0.047922 0.789298
25 0.621490 0.498328 0.050917 0.762542
0 0.685137 0.510033 0.049420 0.719064
6 0.743167 0.510033 0.056159 0.785953
0 0.800075 0.444816 0.057656 0.775920
9 0.855672 0.454849 0.058779 0.775920
2 0.916511 0.408027 0.062898 0.775920
4 0.977911 0.421405 0.044178 0.775920
