22 0.032301 0.683673 0.057425 0.632653
27 0.088605 0.658163 0.059668 0.602041
17 0.149843 0.596939 0.052939 0.540816
27 0.207268 0.608844 0.056528 0.639456
30 0.269403 0.568027 0.056976 0.557823
5 0.329969 0.547619 0.051593 0.639456
8 0.386048 0.539116 0.049798 0.520408
9 0.442127 0.527211 0.051593 0.619048
0 0.507402 0.522109 0.058322 0.670068
20 0.556976 0.488095 0.048901 0.602041
25 0.614401 0.469388 0.057873 0.680272
0 0.678331 0.448980 0.051144 0.680272
6 0.735756 0.397959 0.068192 0.578231
0 0.800359 0.408163 0.055630 0.619048
9 0.853297 0.397959 0.052939 0.598639
2 0.912068 0.387755 0.061911 0.659864
3 0.972633 0.323129 0.048452 0.571429
