22 0.034242 0.583955 0.051990 0.832090
27 0.089459 0.574627 0.061312 0.761194
17 0.156149 0.555970 0.059161 0.888060
27 0.215489 0.567164 0.055934 0.798507
30 0.276622 0.567164 0.055575 0.858209
5 0.335066 0.531716 0.058444 0.817164
8 0.396020 0.531716 0.058444 0.705224
9 0.451237 0.483209 0.057010 0.802239
0 0.515776 0.554104 0.058444 0.884328
20 0.567408 0.518657 0.042668 0.925373
25 0.626569 0.470149 0.059878 0.798507
0 0.686985 0.485075 0.048046 0.940299
6 0.742739 0.518657 0.063464 0.955224
0 0.803335 0.505597 0.049122 0.869403
9 0.858731 0.527985 0.045895 0.944030
2 0.916099 0.490672 0.051631 0.787313
4 0.968985 0.535448 0.046253 0.929104
