22 0.031288 0.558190 0.052761 0.849138
27 0.092843 0.519397 0.053988 0.875000
17 0.155624 0.534483 0.060941 0.931034
27 0.216564 0.510776 0.054397 0.840517
30 0.278119 0.471983 0.058078 0.849138
5 0.335583 0.487069 0.056851 0.818966
8 0.395297 0.523707 0.050307 0.952586
9 0.451329 0.500000 0.059305 0.905172
0 0.512474 0.523707 0.060532 0.952586
20 0.569939 0.508621 0.052761 0.913793
25 0.623517 0.500000 0.055215 0.931034
0 0.685890 0.508621 0.049898 0.913793
6 0.739264 0.495690 0.056851 0.887931
0 0.798160 0.482759 0.055215 0.801724
9 0.853988 0.500000 0.051534 0.931034
2 0.912474 0.534483 0.053170 0.931034
5 0.969939 0.523707 0.056033 0.952586
