22 0.029570 0.470149 0.052995 0.798507
27 0.084485 0.462687 0.056836 0.835821
17 0.144969 0.457090 0.050307 0.772388
27 0.203149 0.477612 0.058372 0.783582
30 0.263441 0.488806 0.049155 0.783582
5 0.324117 0.470149 0.056836 0.694030
8 0.383065 0.464552 0.050307 0.809701
9 0.435484 0.488806 0.049155 0.835821
0 0.497120 0.496269 0.055684 0.768657
20 0.553379 0.503731 0.051459 0.835821
25 0.612903 0.470149 0.056836 0.820896
0 0.673771 0.451493 0.051843 0.835821
6 0.733487 0.516791 0.054531 0.914179
0 0.797043 0.496269 0.054147 0.768657
9 0.857911 0.522388 0.054531 0.902985
2 0.917627 0.438433 0.064900 0.809701
6 0.971774 0.419776 0.048771 0.772388
