22 0.030782 0.462687 0.049917 0.723881
27 0.085899 0.449627 0.060316 0.675373
17 0.154742 0.500000 0.061564 0.746269
27 0.214642 0.485075 0.054908 0.746269
30 0.272879 0.444030 0.050749 0.783582
5 0.334027 0.511194 0.057404 0.746269
8 0.395591 0.468284 0.052413 0.712687
9 0.454035 0.511194 0.051165 0.865672
0 0.504992 0.419776 0.050749 0.757463
20 0.565308 0.516791 0.059068 0.854478
25 0.622504 0.516791 0.044509 0.854478
0 0.676789 0.457090 0.059068 0.735075
6 0.737937 0.455224 0.052413 0.708955
0 0.797629 0.457090 0.061980 0.757463
8 0.856073 0.444030 0.052413 0.805970
2 0.914309 0.503731 0.059068 0.828358
5 0.972546 0.520522 0.054908 0.787313
