22 0.031604 0.569959 0.053843 0.851852
27 0.086812 0.524691 0.051112 0.851852
17 0.148069 0.520576 0.058135 0.753086
27 0.205813 0.549383 0.055014 0.901235
30 0.265119 0.489712 0.058135 0.781893
5 0.326961 0.524691 0.055404 0.851852
8 0.386266 0.526749 0.055404 0.905350
9 0.441280 0.512346 0.052282 0.934156
0 0.500585 0.532922 0.052282 0.835391
20 0.557355 0.537037 0.055794 0.925926
25 0.616855 0.483539 0.048381 0.794239
0 0.679477 0.506173 0.049551 0.781893
6 0.740734 0.518519 0.056574 0.839506
0 0.797893 0.504115 0.060866 0.835391
9 0.863051 0.534979 0.050722 0.921811
2 0.917089 0.512346 0.056574 0.876543
6 0.974639 0.473251 0.050722 0.831276
