22 0.036313 0.517442 0.053717 0.763566
27 0.091964 0.486434 0.055006 0.724806
17 0.157929 0.511628 0.058015 0.775194
27 0.217018 0.515504 0.055006 0.813953
30 0.279544 0.503876 0.051139 0.736434
5 0.335196 0.455426 0.049850 0.693798
8 0.395574 0.515504 0.065750 0.837209
9 0.454018 0.509690 0.048560 0.802326
0 0.509669 0.523256 0.055006 0.798450
20 0.562742 0.527132 0.051139 0.837209
25 0.622690 0.544574 0.052428 0.872093
0 0.683068 0.534884 0.060593 0.751938
6 0.741298 0.503876 0.045552 0.759690
0 0.803180 0.563953 0.056725 0.833333
9 0.856253 0.534884 0.041685 0.821705
2 0.909110 0.498062 0.053717 0.825581
5 0.969703 0.498062 0.058874 0.895349
