22 0.033650 0.571197 0.053612 0.702265
27 0.093156 0.603560 0.057795 0.747573
17 0.153612 0.542071 0.052471 0.669903
27 0.209886 0.548544 0.057795 0.702265
30 0.274715 0.548544 0.058935 0.702265
5 0.332510 0.470874 0.056654 0.682848
8 0.395627 0.521036 0.058935 0.711974
9 0.452471 0.509709 0.052471 0.715210
0 0.512928 0.491909 0.052471 0.770227
20 0.570532 0.498382 0.057414 0.783172
25 0.627567 0.436893 0.053612 0.724919
0 0.688593 0.438511 0.052471 0.747573
6 0.742966 0.436893 0.056274 0.705502
0 0.804563 0.386731 0.059316 0.605178
9 0.866160 0.491909 0.061597 0.815534
2 0.918061 0.432039 0.044487 0.734628
7 0.971103 0.391586 0.050951 0.679612
