22 0.035449 0.478903 0.058643 0.755274
27 0.093873 0.504219 0.052954 0.856540
17 0.157330 0.459916 0.058206 0.767932
27 0.215755 0.466245 0.053392 0.729958
30 0.276805 0.535865 0.055580 0.767932
5 0.333698 0.434599 0.047702 0.717300
8 0.394311 0.447257 0.049015 0.717300
9 0.450547 0.485232 0.052954 0.818565
0 0.514223 0.466245 0.056018 0.805907
20 0.570678 0.447257 0.051641 0.843882
25 0.622976 0.447257 0.045077 0.843882
0 0.685996 0.459916 0.059956 0.793249
6 0.745077 0.485232 0.055580 0.869198
0 0.801969 0.497890 0.055580 0.843882
9 0.863020 0.523207 0.056018 0.919831
2 0.920131 0.485232 0.052954 0.869198
5 0.971335 0.447257 0.057330 0.843882
