22 0.027068 0.418403 0.048120 0.704861
27 0.082143 0.444444 0.048496 0.756944
17 0.144549 0.420139 0.057519 0.756944
27 0.204323 0.425347 0.062030 0.746528
30 0.263534 0.418403 0.051128 0.732639
5 0.325940 0.425347 0.057895 0.718750
8 0.382895 0.420139 0.062030 0.631944
9 0.444173 0.505208 0.046992 0.829861
0 0.498496 0.487847 0.061654 0.718750
20 0.553571 0.500000 0.053759 0.819444
25 0.616541 0.519097 0.051128 0.781250
0 0.680263 0.531250 0.055263 0.805556
6 0.736090 0.493056 0.051128 0.805556
0 0.800376 0.555556 0.061654 0.881944
9 0.858835 0.532986 0.062782 0.934028
2 0.918045 0.552083 0.049624 0.895833
6 0.971429 0.519097 0.057143 0.857639
