22 0.032573 0.411765 0.051159 0.666667
27 0.084468 0.400327 0.057784 0.781046
17 0.148325 0.423203 0.058888 0.663399
27 0.207398 0.441176 0.059257 0.725490
30 0.265182 0.429739 0.046007 0.794118
5 0.324991 0.447712 0.060361 0.666667
8 0.380935 0.405229 0.056680 0.771242
9 0.437431 0.452614 0.046007 0.767974
0 0.495951 0.506536 0.057784 0.712418
20 0.553736 0.475490 0.047479 0.722222
25 0.612992 0.459150 0.052632 0.807190
0 0.672801 0.500000 0.051527 0.745098
6 0.733346 0.529412 0.064409 0.803922
0 0.791130 0.522876 0.051159 0.862745
9 0.852227 0.534314 0.049687 0.866013
2 0.909459 0.486928 0.056680 0.816993
6 0.968715 0.539216 0.054472 0.921569
