22 0.036335 0.516791 0.060821 0.757463
27 0.088863 0.485075 0.055292 0.820896
17 0.156201 0.518657 0.058057 0.708955
27 0.214850 0.486940 0.051343 0.720149
30 0.277844 0.462687 0.056477 0.671642
5 0.339850 0.468284 0.062006 0.735075
8 0.397709 0.529851 0.051343 0.835821
9 0.453002 0.522388 0.051343 0.820896
0 0.512836 0.518657 0.050158 0.783582
20 0.569510 0.524254 0.055292 0.794776
25 0.626185 0.511194 0.058057 0.798507
0 0.691351 0.498134 0.056477 0.720149
6 0.751777 0.541045 0.054107 0.858209
0 0.803712 0.473881 0.047393 0.768657
9 0.858412 0.516791 0.054107 0.884328
2 0.907978 0.455224 0.055292 0.783582
5 0.970379 0.518657 0.059242 0.858209
