22 0.034077 0.564846 0.050304 0.774744
27 0.092901 0.532423 0.056795 0.682594
17 0.152333 0.547782 0.053955 0.761092
27 0.211968 0.520478 0.059635 0.706485
30 0.274645 0.542662 0.052738 0.730375
5 0.331643 0.525597 0.047465 0.696246
8 0.390467 0.464164 0.053955 0.819113
9 0.449899 0.515358 0.048682 0.784983
0 0.507302 0.520478 0.058012 0.726962
20 0.563489 0.491468 0.048682 0.737201
25 0.622312 0.496587 0.050304 0.706485
0 0.683773 0.457338 0.053955 0.764505
6 0.744016 0.486348 0.052738 0.795222
0 0.804260 0.467577 0.059635 0.784983
9 0.858215 0.428328 0.051521 0.726962
2 0.914402 0.469283 0.052738 0.877133
8 0.971197 0.423208 0.052738 0.764505
