22 0.029209 0.651515 0.056795 0.606061
27 0.087424 0.615152 0.059635 0.618182
17 0.153753 0.621212 0.062475 0.606061
27 0.213996 0.600000 0.055578 0.624242
30 0.274848 0.569697 0.058012 0.684848
5 0.334888 0.569697 0.059635 0.648485
8 0.392495 0.539394 0.047465 0.684848
9 0.452738 0.504545 0.048682 0.554545
0 0.512779 0.534848 0.050304 0.657576
20 0.569574 0.493939 0.058418 0.696970
25 0.624341 0.524242 0.056795 0.757576
0 0.691278 0.459091 0.058418 0.566667
6 0.747465 0.472727 0.045842 0.636364
0 0.803448 0.453030 0.049899 0.675758
9 0.860243 0.427273 0.055578 0.666667
2 0.915213 0.403030 0.056795 0.654545
8 0.971805 0.418182 0.053955 0.709091
