22 0.035339 0.612245 0.059370 0.748299
27 0.091074 0.595238 0.055331 0.734694
17 0.155089 0.600340 0.054120 0.704082
27 0.210420 0.556122 0.056543 0.704082
30 0.276252 0.549320 0.062197 0.758503
5 0.337439 0.583333 0.055331 0.758503
8 0.395396 0.534014 0.054927 0.680272
9 0.453352 0.537415 0.049677 0.782313
0 0.509087 0.488095 0.053716 0.704082
20 0.563611 0.505102 0.057754 0.826531
25 0.623586 0.503401 0.048465 0.782313
0 0.686793 0.459184 0.045638 0.598639
6 0.744750 0.459184 0.050889 0.782313
0 0.801898 0.437075 0.057754 0.738095
9 0.860460 0.413265 0.053716 0.806122
2 0.914984 0.414966 0.049677 0.782313
8 0.970921 0.425170 0.050889 0.782313
