22 0.030004 0.569767 0.050716 0.790698
27 0.084592 0.556202 0.050716 0.841085
17 0.148858 0.544574 0.056136 0.895349
27 0.208285 0.556202 0.057298 0.841085
30 0.268293 0.562016 0.057298 0.829457
5 0.326365 0.501938 0.053426 0.786822
8 0.385792 0.515504 0.060008 0.813953
9 0.443089 0.542636 0.049168 0.868217
0 0.501936 0.536822 0.060008 0.879845
20 0.562718 0.536822 0.050716 0.910853
25 0.622145 0.496124 0.051878 0.829457
0 0.680798 0.509690 0.052265 0.879845
6 0.738289 0.523256 0.051878 0.906977
0 0.802362 0.536822 0.060008 0.856589
9 0.863724 0.531008 0.057298 0.868217
2 0.916570 0.534884 0.048393 0.930233
7 0.968448 0.474806 0.050716 0.895349
