22 0.030232 0.612457 0.054181 0.657439
27 0.085591 0.564014 0.054181 0.629758
17 0.149980 0.588235 0.050255 0.726644
27 0.207499 0.600346 0.051433 0.730104
30 0.269729 0.581315 0.051040 0.837370
5 0.330585 0.498270 0.054181 0.692042
8 0.384766 0.491349 0.062034 0.726644
9 0.447782 0.551903 0.053004 0.847751
0 0.501374 0.510381 0.054181 0.737024
20 0.558697 0.534602 0.050255 0.785467
25 0.615626 0.427336 0.058108 0.833910
0 0.682764 0.474048 0.059678 0.692042
6 0.742835 0.498270 0.052611 0.837370
0 0.798390 0.432526 0.055359 0.754325
9 0.856694 0.439446 0.050255 0.809689
2 0.916765 0.444637 0.059678 0.868512
8 0.970946 0.434256 0.048685 0.799308
