22 0.031784 0.503135 0.049265 0.699060
27 0.088796 0.496865 0.056814 0.711599
17 0.150973 0.471787 0.057211 0.699060
27 0.209178 0.460815 0.048868 0.614420
30 0.269567 0.465517 0.066349 0.730408
5 0.334525 0.517241 0.047676 0.689655
8 0.391935 0.487461 0.046484 0.711599
9 0.445570 0.456113 0.060787 0.711599
0 0.513111 0.523511 0.050457 0.764890
20 0.568137 0.460815 0.049265 0.783699
25 0.627731 0.470219 0.054033 0.721003
0 0.688717 0.470219 0.054430 0.721003
6 0.745530 0.460815 0.062376 0.764890
0 0.807112 0.471787 0.058403 0.868339
9 0.865515 0.449843 0.050457 0.761755
2 0.915773 0.413793 0.058006 0.796238
7 0.974374 0.399687 0.051251 0.705329
