22 0.029110 0.553360 0.050021 0.727273
27 0.087331 0.527668 0.055761 0.802372
17 0.148626 0.529644 0.056991 0.853755
27 0.207667 0.515810 0.055351 0.826087
30 0.272448 0.496047 0.055351 0.841897
5 0.331283 0.507905 0.056581 0.841897
8 0.390734 0.515810 0.051661 0.826087
9 0.449569 0.507905 0.050431 0.841897
0 0.507175 0.496047 0.051661 0.818182
20 0.564781 0.533597 0.055351 0.916996
25 0.621566 0.509881 0.047560 0.916996
0 0.683067 0.464427 0.056581 0.778656
6 0.741902 0.503953 0.050431 0.905138
0 0.803403 0.496047 0.056991 0.841897
9 0.861009 0.490119 0.058221 0.853755
2 0.919844 0.496047 0.056991 0.841897
8 0.974785 0.482213 0.050431 0.916996
