22 0.033153 0.509328 0.053200 0.772388
27 0.091557 0.514925 0.058211 0.783582
17 0.152660 0.462687 0.047803 0.835821
27 0.210486 0.522388 0.051658 0.746269
30 0.274287 0.507463 0.059753 0.746269
5 0.335582 0.503731 0.046646 0.783582
8 0.387433 0.485075 0.046261 0.746269
9 0.449113 0.522388 0.053200 0.798507
0 0.510987 0.503731 0.054356 0.888060
20 0.564187 0.488806 0.054356 0.783582
25 0.621434 0.509328 0.057055 0.794776
0 0.682537 0.477612 0.057440 0.761194
6 0.745567 0.509328 0.058597 0.824627
0 0.798959 0.425373 0.055898 0.813433
9 0.861218 0.475746 0.047803 0.809701
2 0.914418 0.503731 0.053200 0.835821
7 0.970894 0.483209 0.052043 0.794776
