22 0.032384 0.498208 0.055404 0.695341
27 0.090909 0.442652 0.053843 0.727599
17 0.152165 0.467742 0.057745 0.756272
27 0.211276 0.485663 0.058135 0.763441
30 0.275263 0.474910 0.056574 0.741935
5 0.332423 0.455197 0.052282 0.731183
8 0.390753 0.505376 0.051112 0.802867
9 0.446157 0.430108 0.056574 0.752688
0 0.508584 0.510753 0.060476 0.842294
20 0.563207 0.430108 0.051112 0.781362
25 0.623098 0.442652 0.057745 0.756272
0 0.685720 0.417563 0.051112 0.706093
6 0.740734 0.510753 0.056574 0.863799
0 0.799259 0.430108 0.055014 0.781362
9 0.861881 0.498208 0.053843 0.888889
2 0.921186 0.523297 0.053843 0.888889
7 0.973664 0.460573 0.051112 0.842294
