22 0.034524 0.597222 0.057005 0.805556
27 0.090526 0.577381 0.053392 0.765873
17 0.148535 0.563492 0.054597 0.873016
27 0.208752 0.543651 0.060217 0.753968
30 0.274589 0.545635 0.060217 0.805556
5 0.335207 0.537698 0.056202 0.845238
8 0.388198 0.537698 0.049779 0.845238
9 0.446407 0.551587 0.045765 0.896825
0 0.506624 0.531746 0.056202 0.888889
20 0.563428 0.517857 0.049378 0.861111
25 0.624448 0.500000 0.053392 0.952381
0 0.679245 0.486111 0.053794 0.845238
6 0.738860 0.480159 0.054998 0.833333
0 0.798475 0.517857 0.053794 0.964286
9 0.854476 0.452381 0.053392 0.753968
2 0.912084 0.478175 0.048173 0.861111
8 0.970293 0.464286 0.054597 0.912698
