22 0.031370 0.627208 0.052793 0.745583
27 0.087988 0.609541 0.060444 0.780919
17 0.149579 0.575972 0.056618 0.840989
27 0.211362 0.602473 0.056236 0.795053
30 0.274292 0.540636 0.052793 0.692580
5 0.331484 0.540636 0.059296 0.692580
8 0.390398 0.521201 0.050115 0.681979
9 0.450842 0.558304 0.050115 0.805654
0 0.510903 0.553004 0.053940 0.795053
20 0.563887 0.577739 0.048967 0.844523
25 0.625669 0.515901 0.057001 0.791519
0 0.685731 0.515901 0.055471 0.742049
6 0.739097 0.498233 0.056618 0.826855
0 0.805853 0.492933 0.055471 0.816254
9 0.861897 0.533569 0.048967 0.925795
3 0.917177 0.455830 0.046289 0.770318
0 0.974178 0.485866 0.051645 0.851590
