22 0.032322 0.532967 0.051875 0.684982
27 0.086193 0.569597 0.055866 0.758242
17 0.150638 0.503663 0.057063 0.721612
27 0.211093 0.514652 0.061453 0.721612
30 0.272945 0.501832 0.051875 0.842491
5 0.332801 0.540293 0.051875 0.743590
8 0.394054 0.534799 0.057063 0.805861
9 0.453113 0.545788 0.053073 0.783883
0 0.511173 0.551282 0.059856 0.816850
20 0.564246 0.490842 0.057462 0.820513
25 0.623304 0.496337 0.047885 0.853480
0 0.683360 0.520147 0.053073 0.732601
6 0.739824 0.496337 0.054270 0.780220
0 0.803671 0.501832 0.049481 0.769231
9 0.856145 0.490842 0.050678 0.747253
3 0.914804 0.485348 0.053073 0.706960
0 0.974661 0.494505 0.050678 0.798535
