22 0.032517 0.621528 0.049779 0.756944
27 0.089723 0.604167 0.054998 0.763889
17 0.152549 0.569444 0.060217 0.763889
27 0.207547 0.538194 0.052188 0.798611
30 0.263749 0.555556 0.052188 0.763889
5 0.323966 0.527778 0.060217 0.729167
8 0.385588 0.480903 0.054998 0.684028
9 0.447009 0.510417 0.049378 0.833333
0 0.502609 0.480903 0.056202 0.753472
20 0.560217 0.493056 0.053392 0.819444
25 0.616419 0.468750 0.053392 0.729167
0 0.676034 0.458333 0.052188 0.729167
6 0.736251 0.440972 0.060217 0.763889
0 0.793055 0.423611 0.059012 0.729167
9 0.855279 0.470486 0.057407 0.822917
3 0.912084 0.394097 0.050582 0.739583
0 0.970092 0.432292 0.059815 0.815972
