22 0.029713 0.657643 0.054508 0.627389
27 0.082582 0.606688 0.054508 0.627389
17 0.144672 0.570064 0.054098 0.656051
27 0.202254 0.574841 0.050410 0.646497
30 0.263115 0.570064 0.055738 0.573248
5 0.318648 0.570064 0.052869 0.617834
8 0.375410 0.555732 0.055738 0.646497
9 0.438320 0.549363 0.048770 0.697452
0 0.499795 0.549363 0.050410 0.595541
20 0.553893 0.523885 0.052869 0.608280
25 0.610861 0.477707 0.050410 0.656051
0 0.672951 0.498408 0.055738 0.678344
6 0.736885 0.468153 0.054098 0.719745
0 0.798361 0.457006 0.058197 0.799363
9 0.855328 0.426752 0.045082 0.719745
2 0.910246 0.452229 0.054098 0.789809
9 0.964344 0.426752 0.051639 0.802548
