22 0.034146 0.636691 0.060163 0.719424
27 0.085366 0.620504 0.049593 0.751799
17 0.146138 0.589928 0.058943 0.719424
27 0.207317 0.607914 0.057724 0.755396
30 0.270122 0.573741 0.050000 0.823741
5 0.326016 0.516187 0.053659 0.730216
8 0.388211 0.598921 0.055285 0.802158
9 0.448577 0.544964 0.047561 0.744604
0 0.504268 0.482014 0.056504 0.661871
20 0.562602 0.526978 0.055285 0.823741
25 0.617683 0.464029 0.052439 0.812950
0 0.682724 0.487410 0.056504 0.672662
6 0.742276 0.510791 0.055285 0.812950
0 0.801423 0.480216 0.052439 0.823741
9 0.858943 0.451439 0.049593 0.744604
2 0.911585 0.464029 0.052439 0.834532
9 0.970325 0.435252 0.047154 0.776978
