22 0.032913 0.538000 0.056366 0.772000
27 0.089476 0.566000 0.051242 0.828000
17 0.153134 0.534000 0.055577 0.924000
27 0.211470 0.538000 0.054001 0.852000
30 0.270004 0.512000 0.063067 0.904000
5 0.330508 0.498000 0.052424 0.748000
8 0.386283 0.546000 0.053607 0.812000
9 0.450532 0.532000 0.043358 0.896000
0 0.503153 0.552000 0.061884 0.880000
20 0.563658 0.528000 0.053607 0.936000
25 0.618841 0.506000 0.045723 0.948000
0 0.678754 0.522000 0.044935 0.956000
6 0.735120 0.528000 0.055183 0.936000
0 0.794442 0.540000 0.053212 0.912000
9 0.856129 0.484000 0.055183 0.880000
3 0.915648 0.492000 0.043358 0.840000
0 0.966496 0.528000 0.055183 0.936000
