22 0.033164 0.633333 0.053843 0.588406
27 0.092860 0.639130 0.057745 0.698551
17 0.153531 0.592754 0.055014 0.628986
27 0.206009 0.588406 0.052282 0.637681
30 0.268435 0.563768 0.059306 0.571014
5 0.328326 0.523188 0.055014 0.547826
8 0.384901 0.543478 0.058135 0.750725
9 0.449473 0.498551 0.049941 0.660870
0 0.508584 0.504348 0.055014 0.689855
20 0.561647 0.462319 0.051112 0.669565
25 0.617636 0.424638 0.046820 0.628986
0 0.679672 0.423188 0.063207 0.608696
6 0.737417 0.388406 0.052282 0.579710
0 0.796528 0.402899 0.058135 0.608696
9 0.854467 0.359420 0.046820 0.678261
2 0.910847 0.353623 0.055014 0.631884
9 0.968787 0.398551 0.046820 0.739130
