22 0.030286 0.610922 0.051429 0.668942
27 0.086667 0.602389 0.050667 0.795222
17 0.147238 0.592150 0.053714 0.754266
27 0.206667 0.590444 0.057524 0.819113
30 0.268762 0.563140 0.060571 0.648464
5 0.328381 0.556314 0.051048 0.778157
8 0.381714 0.529010 0.060190 0.764505
9 0.440000 0.566553 0.045714 0.866894
0 0.501333 0.563140 0.057905 0.764505
20 0.559619 0.498294 0.051048 0.750853
25 0.610857 0.534130 0.053714 0.822526
0 0.677905 0.503413 0.053714 0.692833
6 0.739048 0.481229 0.057905 0.696246
0 0.796762 0.517065 0.055238 0.740614
9 0.856571 0.503413 0.053714 0.883959
3 0.913524 0.421502 0.052571 0.788396
0 0.968000 0.416382 0.048762 0.825939
