22 0.030248 0.515901 0.049279 0.671378
27 0.082332 0.485866 0.054888 0.681979
17 0.144431 0.544170 0.053285 0.756184
27 0.203325 0.519435 0.061298 0.848057
30 0.266026 0.521201 0.056090 0.752650
5 0.318710 0.468198 0.049279 0.766784
8 0.383614 0.561837 0.053285 0.720848
9 0.441707 0.551237 0.054888 0.812721
0 0.502404 0.544170 0.050481 0.826855
20 0.553886 0.514134 0.046875 0.858657
25 0.609776 0.496466 0.060096 0.731449
0 0.675481 0.491166 0.044071 0.812721
6 0.730769 0.480565 0.045673 0.742049
0 0.791667 0.538869 0.060096 0.837456
9 0.852163 0.501767 0.048077 0.883392
2 0.911659 0.554770 0.057292 0.777385
9 0.973558 0.507067 0.052885 0.844523
