22 0.027619 0.593385 0.051429 0.805447
27 0.081524 0.591440 0.054095 0.778210
17 0.141905 0.536965 0.053714 0.832685
27 0.197333 0.581712 0.048762 0.836576
30 0.259619 0.571984 0.055238 0.739300
5 0.325143 0.571984 0.057524 0.793774
8 0.380381 0.519455 0.049905 0.844358
9 0.436952 0.579767 0.052571 0.832685
0 0.496000 0.585603 0.057905 0.821012
20 0.553143 0.521401 0.048762 0.957198
25 0.612762 0.573930 0.046857 0.852140
0 0.669905 0.527237 0.053714 0.945525
6 0.724762 0.573930 0.050667 0.852140
0 0.790857 0.558366 0.051048 0.844358
9 0.853905 0.511673 0.048381 0.937743
2 0.907810 0.517510 0.048762 0.926070
9 0.960952 0.513619 0.055238 0.972763
