22 0.036803 0.547529 0.055402 0.836502
27 0.091017 0.528517 0.063316 0.798479
17 0.160863 0.520913 0.058172 0.836502
27 0.220815 0.509506 0.051444 0.737643
30 0.283538 0.503802 0.060546 0.749049
5 0.340918 0.465779 0.054214 0.695817
8 0.400871 0.496198 0.055402 0.711027
9 0.457855 0.498099 0.063316 0.836502
0 0.520380 0.471483 0.061733 0.707224
20 0.577167 0.477186 0.056589 0.825095
25 0.634547 0.517110 0.050257 0.874525
0 0.695884 0.503802 0.056589 0.825095
6 0.755243 0.509506 0.056589 0.859316
0 0.812426 0.496198 0.063316 0.809886
9 0.870598 0.490494 0.055402 0.897338
3 0.925208 0.471483 0.051444 0.836502
1 0.975465 0.509506 0.037990 0.965779
