22 0.033921 0.492157 0.054044 0.850980
27 0.090264 0.525490 0.055577 0.894118
17 0.149674 0.525490 0.050211 0.894118
27 0.207167 0.503922 0.057110 0.905882
30 0.268685 0.531373 0.052894 0.827451
5 0.327903 0.519608 0.050211 0.850980
8 0.385588 0.511765 0.043695 0.921569
9 0.444998 0.511765 0.056727 0.921569
0 0.507857 0.519608 0.055194 0.850980
20 0.560368 0.519608 0.052127 0.960784
25 0.620353 0.533333 0.060943 0.933333
0 0.679954 0.533333 0.059026 0.933333
6 0.744921 0.519608 0.064776 0.905882
0 0.803373 0.519608 0.052127 0.960784
9 0.861441 0.456863 0.059410 0.866667
3 0.925259 0.531373 0.055194 0.929412
1 0.977961 0.509804 0.044078 0.862745
