22 0.034594 0.555556 0.056315 0.888889
27 0.090105 0.516461 0.054706 0.917695
17 0.152454 0.530864 0.058729 0.864198
27 0.207763 0.532922 0.051891 0.925926
30 0.270314 0.518519 0.056315 0.864198
5 0.325422 0.504115 0.056315 0.893004
8 0.383749 0.504115 0.057924 0.893004
9 0.445093 0.512346 0.051891 0.967078
0 0.504425 0.528807 0.060338 0.942387
20 0.562148 0.516461 0.049477 0.893004
25 0.615044 0.483539 0.053902 0.851852
0 0.678801 0.539095 0.057522 0.905350
6 0.740346 0.537037 0.063154 0.876543
0 0.798673 0.520576 0.053500 0.950617
9 0.856396 0.495885 0.061947 0.934156
3 0.913516 0.534979 0.052293 0.930041
2 0.967820 0.520576 0.045857 0.950617
