22 0.029875 0.589928 0.052419 0.798561
27 0.084677 0.544964 0.054985 0.859712
17 0.148277 0.577338 0.056085 0.794964
27 0.207111 0.589928 0.056452 0.820144
30 0.267412 0.537770 0.053886 0.773381
5 0.325696 0.532374 0.052419 0.784173
8 0.381965 0.532374 0.060117 0.884892
9 0.441899 0.544964 0.049487 0.910072
0 0.499633 0.537770 0.052053 0.924460
20 0.557918 0.512590 0.053519 0.845324
25 0.613087 0.517986 0.059018 0.834532
0 0.679802 0.505396 0.056085 0.809353
6 0.741935 0.467626 0.052053 0.863309
0 0.800770 0.517986 0.057551 0.884892
9 0.857038 0.525180 0.054985 0.949640
3 0.910924 0.447842 0.054985 0.794964
2 0.971774 0.501799 0.056452 0.982014
