22 0.034345 0.491468 0.055787 0.696246
27 0.089943 0.517065 0.055408 0.767918
17 0.152941 0.510239 0.056926 0.733788
27 0.207780 0.522184 0.058065 0.805461
30 0.274194 0.498294 0.055787 0.730375
5 0.332448 0.503413 0.055408 0.692833
8 0.390702 0.534130 0.061101 0.733788
9 0.451233 0.522184 0.051613 0.778157
0 0.506831 0.535836 0.059583 0.853242
20 0.564326 0.527304 0.050095 0.890785
25 0.621822 0.564846 0.059583 0.863481
0 0.682922 0.534130 0.059583 0.829352
6 0.738899 0.554608 0.055408 0.890785
0 0.797343 0.566553 0.052372 0.866894
9 0.853890 0.578498 0.059962 0.843003
3 0.910436 0.522184 0.056926 0.853242
2 0.966793 0.569966 0.058065 0.853242
