22 0.031799 0.632509 0.056574 0.727915
27 0.084276 0.614841 0.053843 0.770318
17 0.148849 0.602473 0.056574 0.696113
27 0.207179 0.602473 0.063207 0.717314
30 0.270581 0.560071 0.055014 0.780919
5 0.329692 0.565371 0.052282 0.720848
8 0.385486 0.533569 0.059306 0.706714
9 0.446742 0.542403 0.049941 0.816254
0 0.507998 0.590106 0.053843 0.770318
20 0.564573 0.487633 0.053843 0.706714
25 0.625049 0.553004 0.053843 0.865724
0 0.687671 0.473498 0.055014 0.756184
6 0.744635 0.505300 0.045650 0.742049
0 0.807257 0.461131 0.063207 0.830389
9 0.865197 0.443463 0.049551 0.745583
3 0.926258 0.503534 0.059306 0.865724
1 0.980101 0.480565 0.039797 0.869258
