22 0.032643 0.540486 0.049648 0.838057
27 0.088546 0.554656 0.053557 0.809717
17 0.155395 0.538462 0.066067 0.866397
27 0.215403 0.540486 0.053948 0.894737
30 0.278538 0.518219 0.051212 0.825911
5 0.335027 0.530364 0.048475 0.931174
8 0.399140 0.540486 0.063331 0.919028
9 0.460321 0.540486 0.050430 0.919028
0 0.517983 0.512146 0.060985 0.975709
20 0.569390 0.504049 0.048084 0.991903
25 0.627639 0.532389 0.048084 0.935223
0 0.692924 0.502024 0.060594 0.987854
6 0.752932 0.510121 0.058640 0.971660
0 0.810594 0.518219 0.052776 0.963563
9 0.867866 0.512146 0.048475 0.951417
3 0.924941 0.520243 0.057858 0.935223
1 0.973221 0.524291 0.046521 0.943320
