22 0.032380 0.550607 0.058403 0.866397
27 0.088200 0.536437 0.047676 0.838057
17 0.152364 0.522267 0.064760 0.809717
27 0.212555 0.542510 0.061184 0.850202
30 0.277513 0.495951 0.060787 0.862348
5 0.334923 0.495951 0.051649 0.862348
8 0.391935 0.497976 0.048868 0.890688
9 0.453913 0.538462 0.048073 0.923077
0 0.514303 0.532389 0.057608 0.935223
20 0.571514 0.530364 0.052841 0.906883
25 0.631704 0.516194 0.059595 0.902834
0 0.690107 0.489879 0.059595 0.955466
6 0.753675 0.495951 0.059595 0.943320
0 0.810091 0.526316 0.045292 0.947368
9 0.867898 0.518219 0.047279 0.963563
3 0.923123 0.504049 0.056814 0.878543
1 0.976162 0.526316 0.043703 0.947368
