22 0.034267 0.551331 0.055161 0.798479
27 0.091517 0.496198 0.045967 0.885932
17 0.154827 0.520913 0.053907 0.737643
27 0.211450 0.520913 0.050982 0.806084
30 0.272670 0.509506 0.058086 0.760456
5 0.333473 0.479087 0.057668 0.722433
8 0.394693 0.520913 0.053907 0.737643
9 0.453406 0.501901 0.052654 0.798479
0 0.512119 0.484791 0.051400 0.787072
20 0.568115 0.509506 0.058086 0.882129
25 0.625992 0.460076 0.050146 0.760456
0 0.685123 0.452471 0.049728 0.722433
6 0.745299 0.471483 0.051400 0.882129
0 0.806519 0.458175 0.052654 0.809886
9 0.860426 0.435361 0.055161 0.733840
3 0.918512 0.465779 0.055161 0.749049
0 0.975136 0.444867 0.049728 0.851711
