22 0.029144 0.571146 0.047185 0.857708
27 0.080095 0.557312 0.051546 0.830040
17 0.143537 0.561265 0.051546 0.711462
27 0.201031 0.543478 0.049960 0.802372
30 0.258525 0.509881 0.051546 0.790514
5 0.316614 0.470356 0.054322 0.766798
8 0.378668 0.549407 0.059477 0.814229
9 0.437550 0.529644 0.060666 0.806324
0 0.498414 0.529644 0.057891 0.932806
20 0.557296 0.541502 0.056701 0.909091
25 0.612807 0.543478 0.046392 0.913043
0 0.672879 0.470356 0.053132 0.814229
6 0.734734 0.541502 0.062649 0.909091
0 0.797185 0.442688 0.058287 0.790514
9 0.863204 0.535573 0.057891 0.920949
3 0.922086 0.490119 0.054322 0.909091
1 0.975218 0.498024 0.049564 0.869565
