22 0.033088 0.631295 0.057526 0.687050
27 0.092344 0.593525 0.054931 0.805755
17 0.150519 0.550360 0.058824 0.762590
27 0.208261 0.566547 0.059256 0.665468
30 0.268599 0.512590 0.058824 0.708633
5 0.329369 0.523381 0.052336 0.665468
8 0.387760 0.523381 0.061851 0.730216
9 0.449394 0.523381 0.053633 0.794964
0 0.506920 0.491007 0.051038 0.730216
20 0.563365 0.480216 0.056661 0.687050
25 0.622405 0.485612 0.061419 0.848921
0 0.683824 0.474820 0.056228 0.633094
6 0.737240 0.447842 0.047145 0.708633
0 0.796064 0.458633 0.065311 0.794964
9 0.858997 0.453237 0.057958 0.762590
3 0.912846 0.415468 0.049740 0.687050
2 0.970156 0.397482 0.059689 0.672662
