22 0.032270 0.484950 0.051032 0.789298
27 0.089869 0.479933 0.061914 0.872910
17 0.150844 0.451505 0.063039 0.668896
27 0.210507 0.521739 0.056285 0.762542
30 0.278236 0.444816 0.060413 0.682274
5 0.335835 0.521739 0.049531 0.809365
8 0.389306 0.510033 0.060413 0.906355
9 0.452908 0.474916 0.056285 0.789298
0 0.508068 0.491639 0.056285 0.702341
20 0.563602 0.468227 0.054784 0.869565
25 0.628518 0.510033 0.056285 0.812709
0 0.689493 0.454849 0.046904 0.775920
6 0.746529 0.516722 0.061914 0.919732
0 0.807505 0.479933 0.060038 0.846154
9 0.863790 0.474916 0.052533 0.789298
3 0.914634 0.496656 0.055159 0.812709
3 0.971670 0.488294 0.056660 0.842809
