22 0.030788 0.539924 0.053579 0.722433
27 0.090164 0.528517 0.057177 0.821293
17 0.151339 0.541825 0.057177 0.901141
27 0.209916 0.515209 0.059976 0.825095
30 0.274690 0.477186 0.061575 0.749049
5 0.335466 0.560837 0.051979 0.809886
8 0.392643 0.528517 0.054378 0.821293
9 0.450620 0.534221 0.053579 0.863118
0 0.508597 0.522814 0.049580 0.711027
20 0.565174 0.520913 0.055578 0.958175
25 0.621351 0.553232 0.055978 0.825095
0 0.687925 0.522814 0.053179 0.863118
6 0.743103 0.503802 0.046781 0.923954
0 0.802479 0.515209 0.058377 0.923954
9 0.856457 0.528517 0.054378 0.874525
3 0.918433 0.509506 0.053579 0.889734
3 0.973011 0.536122 0.053179 0.912548
