22 0.032030 0.535714 0.052413 0.896825
27 0.087562 0.452381 0.053661 0.730159
17 0.150790 0.492063 0.056156 0.809524
27 0.207987 0.517857 0.052413 0.757937
30 0.268927 0.440476 0.061980 0.809524
5 0.327163 0.458333 0.060316 0.845238
8 0.386855 0.498016 0.048253 0.924603
9 0.448835 0.478175 0.059068 0.884921
0 0.504368 0.420635 0.047005 0.817460
20 0.560732 0.462302 0.052413 0.916667
25 0.620424 0.454365 0.053661 0.805556
0 0.679493 0.478175 0.056156 0.805556
6 0.740433 0.517857 0.063228 0.884921
0 0.802205 0.486111 0.062812 0.845238
9 0.858569 0.452381 0.049917 0.833333
3 0.913686 0.509921 0.062812 0.948413
3 0.970050 0.448413 0.049917 0.793651
