22 0.034224 0.593407 0.058199 0.813187
27 0.089129 0.512821 0.059663 0.813187
17 0.159041 0.575092 0.061127 0.798535
27 0.211933 0.580586 0.055637 0.838828
30 0.276903 0.525641 0.061127 0.787546
5 0.336567 0.540293 0.055271 0.919414
8 0.395498 0.560440 0.056735 0.879121
9 0.454429 0.465201 0.050146 0.798535
0 0.512262 0.553114 0.057467 0.893773
20 0.571742 0.507326 0.054173 0.882784
25 0.629392 0.512821 0.055271 0.923077
0 0.687592 0.525641 0.061127 0.948718
6 0.745242 0.520147 0.054173 0.908425
0 0.806369 0.532967 0.051977 0.934066
9 0.866581 0.485348 0.053075 0.868132
5 0.924231 0.492674 0.057101 0.912088
5 0.976391 0.538462 0.047218 0.915751
