22 0.031911 0.661458 0.055844 0.670139
27 0.087754 0.644097 0.055844 0.704861
17 0.149581 0.619792 0.054248 0.635417
27 0.208416 0.628472 0.052254 0.743056
30 0.266653 0.592014 0.049063 0.788194
5 0.325688 0.567708 0.061029 0.739583
8 0.388313 0.550347 0.053051 0.753472
9 0.446151 0.532986 0.046669 0.718750
0 0.503391 0.538194 0.059832 0.729167
20 0.561029 0.527778 0.050658 0.777778
25 0.616274 0.480903 0.065417 0.822917
0 0.683287 0.468750 0.047866 0.729167
6 0.741324 0.463542 0.057040 0.788194
0 0.801755 0.532986 0.066215 0.927083
9 0.857599 0.451389 0.050259 0.833333
5 0.910850 0.423611 0.058636 0.819444
4 0.971879 0.503472 0.053051 0.798611
