22 0.033226 0.600733 0.053520 0.798535
27 0.087464 0.567766 0.058549 0.783883
17 0.154274 0.593407 0.061422 0.813187
27 0.217134 0.545788 0.059986 0.827839
30 0.277658 0.534799 0.053161 0.827839
5 0.331537 0.479853 0.054598 0.827839
8 0.392421 0.532967 0.053520 0.934066
9 0.452047 0.507326 0.063578 0.963370
0 0.511315 0.487179 0.057112 0.842491
20 0.569145 0.540293 0.050647 0.919414
25 0.625539 0.512821 0.057112 0.923077
0 0.689655 0.512821 0.054598 0.893773
6 0.745690 0.505495 0.052443 0.989011
0 0.800287 0.512821 0.050287 0.974359
9 0.855065 0.472527 0.055675 0.923077
5 0.912356 0.467033 0.056034 0.882784
5 0.968930 0.505495 0.052083 0.937729
