22 0.035075 0.542517 0.055535 0.867347
27 0.091158 0.510204 0.059554 0.782313
17 0.156741 0.523810 0.058458 0.857143
27 0.216295 0.505102 0.058458 0.894558
30 0.277859 0.435374 0.064669 0.680272
5 0.336682 0.465986 0.061016 0.795918
8 0.393497 0.517007 0.066496 0.918367
9 0.452320 0.491497 0.043113 0.921769
0 0.509865 0.479592 0.058093 0.795918
20 0.568871 0.477891 0.062112 0.819728
25 0.623493 0.460884 0.058093 0.880952
0 0.684509 0.448980 0.050055 0.680272
6 0.744611 0.454082 0.054074 0.690476
0 0.805627 0.528912 0.065035 0.942177
9 0.864450 0.472789 0.052612 0.857143
5 0.917976 0.528912 0.051516 0.894558
5 0.972415 0.476190 0.055170 0.836735
