22 0.032810 0.538023 0.048502 0.923954
27 0.092368 0.534221 0.054208 0.885932
17 0.152461 0.538023 0.058131 0.923954
27 0.207382 0.520913 0.051712 0.828897
30 0.270863 0.507605 0.059558 0.832700
5 0.328281 0.513308 0.050285 0.874525
8 0.386947 0.536122 0.054208 0.859316
9 0.443117 0.492395 0.053138 0.916350
0 0.501427 0.566540 0.050642 0.866920
20 0.554030 0.486692 0.058131 0.874525
25 0.612874 0.520913 0.053852 0.942966
0 0.677068 0.526616 0.058131 0.901141
6 0.735735 0.545627 0.051355 0.908745
0 0.795827 0.505703 0.058131 0.859316
9 0.854672 0.526616 0.059558 0.901141
5 0.911377 0.513308 0.059558 0.844106
5 0.967546 0.513308 0.055635 0.958175
