22 0.032449 0.617537 0.052653 0.764925
27 0.086939 0.509328 0.053878 0.794776
17 0.153265 0.522388 0.063265 0.604478
27 0.212857 0.585821 0.052653 0.828358
30 0.273878 0.546642 0.053878 0.817164
5 0.337755 0.535448 0.057551 0.794776
8 0.394286 0.533582 0.044898 0.843284
9 0.451633 0.505597 0.054286 0.854478
0 0.506939 0.539179 0.048980 0.854478
20 0.564286 0.531716 0.058367 0.936567
25 0.620204 0.511194 0.056735 0.746269
0 0.681224 0.486940 0.057959 0.794776
6 0.740816 0.520522 0.053061 0.958955
0 0.803265 0.563433 0.066939 0.805970
9 0.861429 0.520522 0.046939 0.958955
5 0.917551 0.550373 0.056327 0.899254
4 0.974898 0.501866 0.050204 0.899254
