22 0.034476 0.619772 0.058922 0.760456
27 0.096114 0.600760 0.063519 0.699620
17 0.158796 0.576046 0.059340 0.726236
27 0.218972 0.576046 0.055161 0.749049
30 0.280819 0.564639 0.050146 0.771863
5 0.337443 0.545627 0.055579 0.688213
8 0.390723 0.501901 0.059340 0.699620
9 0.458838 0.564639 0.052654 0.749049
0 0.516715 0.477186 0.055579 0.650190
20 0.573339 0.526616 0.055161 0.847909
25 0.629962 0.484791 0.055579 0.711027
0 0.690765 0.509506 0.055161 0.760456
6 0.747806 0.501901 0.053907 0.821293
0 0.810071 0.458175 0.053907 0.711027
9 0.864396 0.446768 0.047221 0.733840
5 0.920602 0.471483 0.059340 0.783270
4 0.971166 0.441065 0.055161 0.798479
