22 0.032460 0.624194 0.060364 0.700000
27 0.094533 0.596774 0.069096 0.735484
17 0.156036 0.590323 0.053910 0.722581
27 0.214313 0.609677 0.065680 0.780645
30 0.281131 0.587097 0.060364 0.690323
5 0.340547 0.558065 0.056188 0.677419
8 0.401481 0.574194 0.060364 0.800000
9 0.456340 0.562903 0.052392 0.712903
0 0.515945 0.524194 0.066819 0.700000
20 0.569096 0.462903 0.057707 0.732258
25 0.628132 0.508065 0.055049 0.803226
0 0.683561 0.490323 0.058846 0.722581
6 0.748481 0.501613 0.057327 0.745161
0 0.805429 0.462903 0.058846 0.732258
9 0.859150 0.458065 0.048595 0.767742
5 0.911352 0.485484 0.051253 0.822581
5 0.966970 0.446774 0.057707 0.809677
