22 0.035686 0.561567 0.055511 0.794776
27 0.095163 0.561567 0.055511 0.794776
17 0.160190 0.503731 0.063442 0.858209
27 0.222046 0.522388 0.063442 0.671642
30 0.281126 0.492537 0.059477 0.805970
5 0.343775 0.486940 0.057891 0.794776
8 0.400674 0.492537 0.060666 0.783582
9 0.458168 0.503731 0.056701 0.783582
0 0.514274 0.542910 0.063442 0.906716
20 0.569786 0.455224 0.049960 0.783582
25 0.628668 0.516791 0.062252 0.906716
0 0.691316 0.492537 0.058287 0.731343
6 0.750991 0.516791 0.063442 0.757463
0 0.809675 0.473881 0.051546 0.843284
9 0.865186 0.479478 0.053925 0.757463
5 0.914750 0.423507 0.053132 0.772388
6 0.972839 0.481343 0.052736 0.858209
