22 0.040429 0.558704 0.055281 0.882591
27 0.091790 0.516194 0.057343 0.902834
17 0.156353 0.560729 0.063531 0.757085
27 0.211015 0.548583 0.055693 0.781377
30 0.272277 0.534413 0.058581 0.834008
5 0.329208 0.504049 0.058581 0.797571
8 0.391089 0.516194 0.051980 0.821862
9 0.447195 0.548583 0.051980 0.886640
0 0.509076 0.489879 0.058581 0.720648
20 0.564975 0.489879 0.053218 0.825911
25 0.622112 0.530364 0.058581 0.874494
0 0.679868 0.477733 0.054455 0.850202
6 0.741749 0.463563 0.058581 0.846154
0 0.802393 0.449393 0.065182 0.850202
9 0.866955 0.522267 0.053218 0.914980
5 0.922236 0.471660 0.057343 0.862348
7 0.976691 0.502024 0.044142 0.898785
