22 0.030788 0.572761 0.058377 0.794776
27 0.087565 0.516791 0.051979 0.809701
17 0.148741 0.498134 0.057577 0.697761
27 0.206717 0.492537 0.058377 0.835821
30 0.269492 0.516791 0.055978 0.809701
5 0.328669 0.516791 0.054378 0.757463
8 0.383247 0.479478 0.057177 0.832090
9 0.446621 0.524254 0.055978 0.794776
0 0.504598 0.511194 0.059976 0.843284
20 0.563175 0.511194 0.054778 0.895522
25 0.616553 0.460821 0.051979 0.772388
0 0.674530 0.468284 0.055978 0.809701
6 0.739904 0.505597 0.058776 0.906716
0 0.802479 0.436567 0.058377 0.798507
9 0.861056 0.485075 0.058776 0.895522
5 0.917033 0.442164 0.053179 0.757463
7 0.964414 0.449627 0.049580 0.794776
