22 0.032300 0.568826 0.055125 0.748988
27 0.089363 0.572874 0.064169 0.854251
17 0.151378 0.500000 0.059001 0.757085
27 0.206503 0.550607 0.053833 0.809717
30 0.267011 0.506073 0.067183 0.793522
5 0.330534 0.524291 0.053833 0.757085
8 0.389535 0.550607 0.059001 0.736842
9 0.448320 0.546559 0.052541 0.906883
0 0.506029 0.500000 0.060293 0.757085
20 0.565245 0.485830 0.058140 0.785425
25 0.621878 0.487854 0.055125 0.862348
0 0.680879 0.512146 0.049957 0.935223
6 0.738157 0.500000 0.059432 0.910931
0 0.796727 0.467611 0.057709 0.846154
9 0.856589 0.497976 0.056848 0.809717
5 0.913867 0.467611 0.052541 0.846154
7 0.971361 0.451417 0.057278 0.813765
