22 0.035562 0.554945 0.060241 0.794872
27 0.089195 0.510989 0.054800 0.758242
17 0.154878 0.529304 0.060241 0.721612
27 0.215702 0.534799 0.053634 0.783883
30 0.278857 0.505495 0.050913 0.820513
5 0.337738 0.465201 0.059075 0.871795
8 0.398756 0.518315 0.055188 0.794872
9 0.456860 0.510989 0.050913 0.780220
0 0.513991 0.492674 0.057909 0.743590
20 0.570152 0.516484 0.044306 0.871795
25 0.627089 0.505495 0.050913 0.871795
0 0.690245 0.536630 0.061407 0.831502
6 0.748543 0.485348 0.055188 0.831502
0 0.804120 0.454212 0.055966 0.769231
9 0.860280 0.478022 0.056354 0.897436
5 0.916051 0.454212 0.044306 0.871795
6 0.970462 0.461538 0.059075 0.864469
