22 0.031018 0.529070 0.055014 0.786822
27 0.090909 0.536822 0.048381 0.856589
17 0.153336 0.517442 0.057745 0.841085
27 0.209715 0.548450 0.057355 0.903101
30 0.278190 0.560078 0.060086 0.879845
5 0.337105 0.517442 0.059306 0.895349
8 0.392899 0.515504 0.055404 0.813953
9 0.451424 0.523256 0.048381 0.883721
0 0.507218 0.476744 0.052282 0.790698
20 0.564378 0.517442 0.051112 0.895349
25 0.620952 0.474806 0.056574 0.895349
0 0.680062 0.474806 0.059306 0.841085
6 0.743465 0.468992 0.056574 0.883721
0 0.801405 0.468992 0.048381 0.829457
9 0.853687 0.482558 0.053843 0.856589
5 0.910261 0.463178 0.056184 0.841085
6 0.965470 0.449612 0.051112 0.790698
