22 0.034956 0.562500 0.051611 0.706250
27 0.087116 0.487500 0.058565 0.693750
17 0.152818 0.568750 0.059663 0.856250
27 0.211201 0.487500 0.057101 0.718750
30 0.275622 0.464062 0.063690 0.834375
5 0.333089 0.515625 0.057101 0.750000
8 0.395498 0.479687 0.051611 0.753125
9 0.453880 0.485938 0.057101 0.646875
0 0.512079 0.481250 0.049048 0.775000
20 0.566435 0.451562 0.051611 0.715625
25 0.622621 0.404687 0.052709 0.603125
0 0.685761 0.434375 0.051611 0.662500
6 0.746706 0.451562 0.057101 0.765625
0 0.807101 0.423438 0.055637 0.659375
9 0.857980 0.445312 0.054173 0.753125
5 0.914714 0.429688 0.049048 0.740625
8 0.970351 0.439063 0.049048 0.740625
