22 0.034821 0.579051 0.057330 0.818182
27 0.090035 0.565217 0.053097 0.790514
17 0.153713 0.505929 0.050404 0.885375
27 0.211427 0.539526 0.054252 0.818182
30 0.272412 0.464427 0.051558 0.833992
5 0.332820 0.545455 0.063871 0.806324
8 0.392843 0.531621 0.051558 0.936759
9 0.451520 0.478261 0.051943 0.830040
0 0.507503 0.523715 0.060023 0.952569
20 0.563486 0.503953 0.055791 0.857708
25 0.621393 0.503953 0.051558 0.913043
0 0.681801 0.503953 0.053097 0.857708
6 0.739323 0.498024 0.051943 0.924901
0 0.800308 0.476285 0.062332 0.857708
9 0.859561 0.462451 0.058484 0.885375
5 0.915352 0.436759 0.053097 0.833992
6 0.970181 0.498024 0.054252 0.980237
