22 0.038259 0.555369 0.059514 0.694631
27 0.091498 0.565436 0.058300 0.714765
17 0.147368 0.505034 0.064777 0.661074
27 0.210931 0.515101 0.059109 0.681208
30 0.272470 0.503356 0.052632 0.771812
5 0.327530 0.481544 0.052632 0.614094
8 0.392510 0.515101 0.063563 0.728188
9 0.445749 0.500000 0.056680 0.738255
0 0.502429 0.447987 0.054251 0.681208
20 0.561134 0.505034 0.058300 0.815436
25 0.617206 0.481544 0.059514 0.748322
0 0.678543 0.447987 0.071255 0.661074
6 0.741296 0.421141 0.054251 0.627517
0 0.797976 0.447987 0.056680 0.748322
9 0.858704 0.505034 0.048583 0.882550
5 0.915992 0.414430 0.057895 0.748322
7 0.972065 0.469799 0.042915 0.906040
