22 0.035263 0.580268 0.056727 0.739130
27 0.091414 0.550167 0.060943 0.772575
17 0.160215 0.550167 0.060560 0.705686
27 0.220391 0.561873 0.054427 0.795987
30 0.284592 0.538462 0.055577 0.729097
5 0.346493 0.550167 0.052894 0.772575
8 0.400920 0.516722 0.047528 0.819398
9 0.456880 0.526756 0.051361 0.819398
0 0.522422 0.533445 0.063626 0.806020
20 0.579149 0.538462 0.052894 0.842809
25 0.632043 0.479933 0.052894 0.772575
0 0.691644 0.503344 0.060943 0.819398
6 0.750287 0.451505 0.051744 0.762542
0 0.807206 0.469900 0.056727 0.772575
9 0.860675 0.468227 0.057877 0.795987
5 0.917018 0.510033 0.059410 0.919732
9 0.970295 0.423077 0.050211 0.839465
