22 0.032083 0.531716 0.053659 0.787313
27 0.091182 0.544776 0.061538 0.813433
17 0.150094 0.539179 0.061538 0.906716
27 0.207880 0.539179 0.056285 0.906716
30 0.274109 0.473881 0.055159 0.798507
5 0.335835 0.533582 0.057786 0.917910
8 0.397936 0.526119 0.058912 0.828358
9 0.457036 0.531716 0.048030 0.891791
0 0.510507 0.492537 0.053659 0.761194
20 0.567730 0.500000 0.049531 0.850746
25 0.623077 0.520522 0.053659 0.839552
0 0.685553 0.466418 0.063039 0.761194
6 0.748405 0.492537 0.052158 0.895522
0 0.803940 0.509328 0.052908 0.981343
9 0.859099 0.479478 0.053659 0.891791
5 0.916698 0.531716 0.053283 0.891791
9 0.967730 0.513060 0.051032 0.824627
