22 0.030796 0.496815 0.051645 0.726115
27 0.084736 0.474522 0.053940 0.745223
17 0.147475 0.480892 0.055471 0.713376
27 0.206197 0.492038 0.048967 0.646497
30 0.262242 0.474522 0.057766 0.770701
5 0.327659 0.541401 0.053940 0.789809
8 0.385042 0.485669 0.055471 0.678344
9 0.448929 0.568471 0.053940 0.716561
0 0.502295 0.530255 0.058148 0.703822
20 0.563122 0.535032 0.058148 0.757962
25 0.615149 0.563694 0.056618 0.789809
0 0.673871 0.562102 0.063122 0.856688
6 0.734698 0.541401 0.050115 0.745223
0 0.794568 0.519108 0.059679 0.770701
9 0.855011 0.622611 0.053558 0.754777
6 0.912012 0.530255 0.054323 0.812102
0 0.970735 0.595541 0.050115 0.745223
