22 0.032321 0.412037 0.053738 0.638889
27 0.090148 0.401235 0.051012 0.679012
17 0.155374 0.421296 0.057632 0.638889
27 0.211059 0.449074 0.053738 0.651235
30 0.274143 0.433642 0.064642 0.638889
5 0.331776 0.412037 0.053738 0.638889
8 0.391745 0.481481 0.057632 0.543210
9 0.454050 0.496914 0.056075 0.722222
0 0.508956 0.506173 0.053738 0.617284
20 0.567562 0.518519 0.052570 0.703704
25 0.621301 0.492284 0.054907 0.669753
0 0.682243 0.555556 0.059190 0.629630
6 0.740070 0.540123 0.058801 0.660494
0 0.799844 0.566358 0.055296 0.694444
9 0.860981 0.518519 0.048287 0.722222
6 0.915304 0.598765 0.052570 0.648148
0 0.974104 0.615741 0.051791 0.725309
