22 0.035674 0.633739 0.058444 0.708207
27 0.094497 0.574468 0.056926 0.693009
17 0.161670 0.585106 0.055408 0.653495
27 0.222391 0.580547 0.059962 0.838906
30 0.285009 0.601824 0.055408 0.705167
5 0.345351 0.574468 0.051613 0.717325
8 0.401708 0.568389 0.052751 0.705167
9 0.463188 0.503040 0.054269 0.683891
0 0.520873 0.530395 0.047438 0.805471
20 0.574383 0.487842 0.048956 0.738602
25 0.631309 0.481763 0.054269 0.708207
0 0.693738 0.481763 0.053890 0.683891
6 0.756167 0.492401 0.048956 0.705167
0 0.813093 0.465046 0.048956 0.717325
9 0.865844 0.427052 0.040607 0.835866
5 0.920873 0.428571 0.052751 0.705167
8 0.974383 0.422492 0.048956 0.717325
