22 0.037729 0.465986 0.051067 0.761905
27 0.092416 0.501701 0.055259 0.738095
17 0.154726 0.484694 0.059451 0.724490
27 0.213796 0.479592 0.056402 0.761905
30 0.273819 0.513605 0.055259 0.761905
5 0.332889 0.467687 0.049924 0.690476
8 0.393293 0.477891 0.057927 0.622449
9 0.449886 0.515306 0.044588 0.785714
0 0.505526 0.515306 0.053735 0.738095
20 0.559451 0.477891 0.056402 0.833333
25 0.620617 0.479592 0.057546 0.809524
0 0.684832 0.472789 0.052591 0.748299
6 0.742188 0.443878 0.043064 0.806122
0 0.797256 0.454082 0.056402 0.785714
9 0.854421 0.431973 0.047256 0.761905
5 0.915587 0.448980 0.053735 0.891156
9 0.971418 0.408163 0.047256 0.809524
