22 0.031646 0.568389 0.055845 0.705167
27 0.091586 0.542553 0.055845 0.738602
17 0.156552 0.519757 0.053239 0.693009
27 0.215934 0.524316 0.049144 0.726444
30 0.280343 0.525836 0.058824 0.705167
5 0.337491 0.487842 0.050261 0.629179
8 0.395383 0.530395 0.059568 0.738602
9 0.456627 0.541033 0.059940 0.802432
0 0.515078 0.492401 0.054728 0.729483
20 0.574274 0.509119 0.058451 0.714286
25 0.628071 0.465046 0.062547 0.650456
0 0.685964 0.458967 0.053239 0.705167
6 0.747766 0.454407 0.051750 0.696049
0 0.807520 0.416413 0.057334 0.729483
9 0.864669 0.465046 0.046538 0.759878
5 0.919211 0.439210 0.052122 0.726444
8 0.969099 0.399696 0.045421 0.781155
