22 0.031887 0.617057 0.057100 0.739130
27 0.088988 0.628763 0.057100 0.742475
17 0.154987 0.581940 0.062291 0.789298
27 0.216352 0.581940 0.060438 0.836120
30 0.278272 0.556856 0.064887 0.765886
5 0.338339 0.575251 0.053022 0.802676
8 0.394512 0.563545 0.056359 0.872910
9 0.458102 0.516722 0.051539 0.872910
0 0.513904 0.563545 0.054134 0.872910
20 0.573971 0.491639 0.055617 0.775920
25 0.630330 0.484950 0.057100 0.715719
0 0.693919 0.526756 0.059696 0.799331
6 0.749537 0.474916 0.051539 0.715719
0 0.812384 0.474916 0.055617 0.715719
9 0.865406 0.468227 0.052651 0.822742
5 0.919540 0.444816 0.055617 0.775920
8 0.973304 0.433110 0.048943 0.752508
