22 0.029895 0.570144 0.050822 0.809353
27 0.088565 0.532374 0.056054 0.784173
17 0.152653 0.485612 0.053438 0.719424
27 0.212070 0.512590 0.054933 0.794964
30 0.275598 0.507194 0.053438 0.784173
5 0.333520 0.512590 0.054933 0.794964
8 0.395553 0.550360 0.053438 0.820144
9 0.457025 0.550360 0.056054 0.798561
0 0.515135 0.465827 0.051943 0.809353
20 0.568386 0.544964 0.049327 0.910072
25 0.624439 0.537770 0.062780 0.874101
0 0.684604 0.525180 0.054559 0.820144
6 0.745889 0.498201 0.049327 0.874101
0 0.805306 0.474820 0.050822 0.848921
9 0.861360 0.519784 0.056054 0.859712
5 0.916667 0.492806 0.049327 0.863309
9 0.972534 0.501799 0.051196 0.996403
