22 0.038363 0.580645 0.054074 0.795699
27 0.094995 0.519713 0.054074 0.810036
17 0.158020 0.492832 0.052978 0.756272
27 0.213555 0.526882 0.058093 0.903226
30 0.274571 0.519713 0.058093 0.810036
5 0.335404 0.500000 0.052612 0.799283
8 0.397698 0.514337 0.050055 0.770609
9 0.453051 0.526882 0.052612 0.795699
0 0.508586 0.485663 0.055535 0.770609
20 0.564121 0.512545 0.052612 0.874552
25 0.618926 0.505376 0.054074 0.888889
0 0.679759 0.492832 0.056631 0.892473
6 0.742601 0.473118 0.050055 0.903226
0 0.805444 0.494624 0.051516 0.810036
9 0.861710 0.517921 0.044940 0.964158
5 0.915236 0.446237 0.062112 0.799283
9 0.973877 0.482079 0.052247 0.813620
