22 0.033294 0.505376 0.050137 0.802867
27 0.089307 0.516129 0.056404 0.731183
17 0.152761 0.503584 0.059538 0.777778
27 0.214258 0.485663 0.052487 0.741935
30 0.271641 0.474910 0.062280 0.741935
5 0.333725 0.523297 0.054054 0.788530
8 0.393067 0.508961 0.056796 0.716846
9 0.449275 0.523297 0.050137 0.888889
0 0.507246 0.503584 0.052487 0.706093
20 0.562671 0.503584 0.055229 0.777778
25 0.619467 0.516129 0.058363 0.802867
0 0.682922 0.485663 0.052879 0.813620
6 0.738347 0.492832 0.055621 0.878136
0 0.797101 0.503584 0.061888 0.827957
9 0.861927 0.480287 0.043478 0.802867
6 0.916569 0.435484 0.052487 0.741935
0 0.969252 0.485663 0.052879 0.863799
