22 0.029265 0.583612 0.055210 0.645485
27 0.088211 0.625418 0.057700 0.688963
17 0.151100 0.595318 0.057285 0.668896
27 0.210668 0.571906 0.053549 0.602007
30 0.272312 0.550167 0.056455 0.645485
5 0.329182 0.556856 0.052304 0.678930
8 0.393317 0.571906 0.057700 0.668896
9 0.451017 0.535117 0.055210 0.615385
0 0.509963 0.508361 0.055210 0.668896
20 0.568286 0.503344 0.058946 0.678930
25 0.620382 0.469900 0.053549 0.725753
0 0.680780 0.454849 0.061436 0.581940
6 0.744915 0.464883 0.056040 0.775920
0 0.805729 0.448161 0.052304 0.789298
9 0.864882 0.501672 0.049398 0.829431
6 0.922997 0.409699 0.064342 0.645485
1 0.977999 0.416388 0.032379 0.765886
