22 0.034050 0.642140 0.052967 0.715719
27 0.093588 0.637124 0.060534 0.725753
17 0.156511 0.637124 0.062127 0.725753
27 0.216448 0.591973 0.056949 0.702341
30 0.276782 0.585284 0.055755 0.668896
5 0.334727 0.580268 0.062525 0.725753
8 0.393070 0.563545 0.054162 0.645485
9 0.453405 0.581940 0.052967 0.702341
0 0.509359 0.553512 0.055755 0.779264
20 0.569693 0.513378 0.056949 0.725753
25 0.628833 0.508361 0.063720 0.802676
0 0.693748 0.484950 0.058144 0.735786
6 0.752091 0.463211 0.052967 0.712375
0 0.805257 0.424749 0.055755 0.749164
9 0.865591 0.424749 0.064914 0.816054
6 0.926722 0.408027 0.057348 0.715719
1 0.977698 0.491639 0.039825 0.923077
