22 0.034530 0.543726 0.056574 0.798479
27 0.091689 0.553232 0.053063 0.893536
17 0.152165 0.511407 0.055404 0.787072
27 0.210691 0.517110 0.059306 0.775665
30 0.271752 0.498099 0.060476 0.813688
5 0.331643 0.503802 0.053843 0.771863
8 0.390948 0.503802 0.056184 0.825095
9 0.453570 0.543726 0.060476 0.828897
0 0.507998 0.564639 0.053843 0.787072
20 0.563792 0.517110 0.052282 0.851711
25 0.620367 0.530418 0.049941 0.931559
0 0.678892 0.532319 0.059306 0.851711
6 0.737417 0.492395 0.055404 0.878327
0 0.795162 0.511407 0.055404 0.809886
9 0.859735 0.511407 0.055014 0.969582
6 0.912993 0.498099 0.048381 0.813688
0 0.968006 0.505703 0.059306 0.851711
