22 0.027700 0.683582 0.053794 0.632836
27 0.086311 0.626866 0.064231 0.614925
17 0.151345 0.650746 0.057808 0.626866
27 0.211562 0.665672 0.054597 0.656716
30 0.275191 0.626866 0.061421 0.674627
5 0.336010 0.626866 0.054597 0.674627
8 0.394821 0.567164 0.057407 0.614925
9 0.453834 0.577612 0.046969 0.635821
0 0.511240 0.537313 0.057407 0.656716
20 0.569450 0.507463 0.059012 0.698507
25 0.623043 0.517910 0.056202 0.677612
0 0.685267 0.477612 0.052188 0.698507
6 0.745484 0.452239 0.060217 0.605970
0 0.802288 0.453731 0.059012 0.626866
9 0.861301 0.497015 0.061421 0.797015
6 0.921517 0.388060 0.053392 0.638806
1 0.976716 0.422388 0.046568 0.743284
