22 0.033776 0.522968 0.051613 0.756184
27 0.089184 0.522968 0.056926 0.784452
17 0.150854 0.510601 0.058065 0.780919
27 0.210626 0.484099 0.058444 0.833922
30 0.273624 0.517668 0.065275 0.844523
5 0.333207 0.484099 0.053890 0.756184
8 0.392789 0.461131 0.046300 0.731449
9 0.446490 0.473498 0.052751 0.833922
0 0.508729 0.491166 0.055787 0.770318
20 0.566983 0.484099 0.058444 0.883392
25 0.626565 0.522968 0.050095 0.911661
0 0.688994 0.454064 0.061101 0.717314
6 0.746679 0.454064 0.054269 0.696113
0 0.803605 0.434629 0.059583 0.706714
9 0.864516 0.452297 0.051613 0.819788
6 0.923340 0.427562 0.063757 0.770318
1 0.976281 0.454064 0.042125 0.872792
