22 0.034979 0.556452 0.058436 0.717742
27 0.091358 0.556452 0.054321 0.741935
17 0.150617 0.536290 0.055967 0.806452
27 0.215638 0.562500 0.063374 0.834677
30 0.274074 0.504032 0.060905 0.766129
5 0.334568 0.497984 0.054321 0.729839
8 0.393621 0.532258 0.053086 0.741935
9 0.453909 0.524194 0.054321 0.806452
0 0.510905 0.538306 0.046502 0.883065
20 0.566461 0.534274 0.058848 0.931452
25 0.621193 0.510081 0.051440 0.883065
0 0.684156 0.518145 0.063786 0.899194
6 0.742387 0.522177 0.052675 0.955645
0 0.798354 0.439516 0.058436 0.822581
9 0.862757 0.471774 0.059671 0.830645
6 0.912551 0.471774 0.050617 0.806452
0 0.970165 0.463710 0.059671 0.790323
