22 0.036922 0.552158 0.057520 0.809353
27 0.094637 0.528777 0.060241 0.856115
17 0.156044 0.514388 0.054800 0.805755
27 0.213758 0.496403 0.057520 0.820144
30 0.276720 0.471223 0.055188 0.769784
5 0.335600 0.473022 0.060241 0.744604
8 0.394675 0.483813 0.054800 0.766187
9 0.456277 0.471223 0.057520 0.791367
0 0.509911 0.458633 0.057520 0.744604
20 0.563545 0.446043 0.049747 0.841727
25 0.622037 0.458633 0.050913 0.816547
0 0.682277 0.465827 0.061796 0.780576
6 0.743101 0.465827 0.049747 0.830935
0 0.801982 0.440647 0.060241 0.809353
9 0.858337 0.496403 0.047027 0.892086
6 0.911970 0.483813 0.049359 0.816547
2 0.965604 0.483813 0.057909 0.794964
