22 0.032834 0.625397 0.054147 0.711111
27 0.089094 0.603175 0.058372 0.711111
17 0.152074 0.625397 0.054531 0.711111
27 0.212366 0.607937 0.055300 0.720635
30 0.277842 0.628571 0.061828 0.742857
5 0.334101 0.592063 0.058372 0.777778
8 0.391897 0.526984 0.054147 0.711111
9 0.452189 0.520635 0.050307 0.876190
0 0.512289 0.563492 0.062212 0.701587
20 0.568740 0.558730 0.052995 0.774603
25 0.624808 0.471429 0.054531 0.733333
0 0.685676 0.504762 0.059524 0.603175
6 0.744048 0.498413 0.057220 0.742857
0 0.798963 0.476190 0.055684 0.742857
9 0.864439 0.514286 0.049155 0.907937
6 0.915515 0.433333 0.055300 0.701587
1 0.968510 0.449206 0.045315 0.733333
