22 0.032658 0.532374 0.052088 0.741007
27 0.087846 0.485612 0.055808 0.719424
17 0.147788 0.485612 0.053328 0.719424
27 0.205870 0.498201 0.043820 0.787770
30 0.267879 0.521583 0.058702 0.719424
5 0.323274 0.503597 0.054568 0.776978
8 0.382596 0.516187 0.050847 0.708633
9 0.439851 0.539568 0.050434 0.776978
0 0.497313 0.510791 0.056222 0.741007
20 0.555188 0.534173 0.054568 0.881295
25 0.615130 0.539568 0.052088 0.892086
0 0.675279 0.532374 0.054981 0.741007
6 0.733981 0.503597 0.054981 0.776978
0 0.793096 0.550360 0.053328 0.848921
9 0.847871 0.476619 0.056222 0.766187
6 0.909467 0.498201 0.058702 0.859712
2 0.968789 0.539568 0.059942 0.798561
