22 0.031761 0.450680 0.055154 0.751701
27 0.088056 0.454082 0.057436 0.785714
17 0.149677 0.467687 0.060479 0.785714
27 0.209966 0.460884 0.060099 0.751701
30 0.269114 0.426871 0.055154 0.772109
5 0.329973 0.448980 0.053633 0.680272
8 0.386459 0.443878 0.059338 0.785714
9 0.446748 0.426871 0.048307 0.772109
0 0.509129 0.472789 0.060479 0.775510
20 0.564093 0.477891 0.057817 0.785714
25 0.623241 0.489796 0.055154 0.809524
0 0.682769 0.484694 0.043362 0.772109
6 0.745150 0.491497 0.065424 0.833333
0 0.801445 0.532313 0.052491 0.914966
9 0.862685 0.520408 0.056295 0.891156
6 0.917649 0.508503 0.053633 0.894558
4 0.969380 0.537415 0.052111 0.925170
