22 0.032878 0.473881 0.056362 0.701493
27 0.090307 0.470149 0.061059 0.641791
17 0.154142 0.516791 0.064048 0.735075
27 0.215201 0.511194 0.054654 0.746269
30 0.268360 0.457090 0.057643 0.779851
5 0.329846 0.486940 0.057643 0.608209
8 0.390478 0.514925 0.055935 0.828358
9 0.450683 0.533582 0.050811 0.791045
0 0.508540 0.544776 0.059778 0.723881
20 0.565115 0.550373 0.053373 0.779851
25 0.619769 0.550373 0.055935 0.899254
0 0.684031 0.544776 0.056362 0.746269
6 0.741460 0.563433 0.055935 0.850746
0 0.798890 0.563433 0.058924 0.828358
9 0.857814 0.550373 0.053800 0.899254
6 0.912468 0.602612 0.058924 0.794776
2 0.969898 0.580224 0.054227 0.839552
