22 0.032195 0.543689 0.055752 0.692557
27 0.088928 0.498382 0.060856 0.737864
17 0.154103 0.543689 0.055359 0.737864
27 0.214959 0.543689 0.058500 0.783172
30 0.272477 0.503236 0.059678 0.747573
5 0.331370 0.482201 0.055752 0.724919
8 0.390263 0.537217 0.059678 0.660194
9 0.456419 0.509709 0.056930 0.734628
0 0.511975 0.543689 0.048685 0.757282
20 0.565567 0.509709 0.053004 0.715210
25 0.623086 0.542071 0.056537 0.825243
0 0.683942 0.548544 0.059678 0.702265
6 0.744209 0.537217 0.053004 0.880259
0 0.803102 0.537217 0.062426 0.724919
9 0.861406 0.543689 0.048685 0.802589
6 0.916176 0.504854 0.058500 0.770227
4 0.972713 0.501618 0.054574 0.744337
