22 0.032697 0.575269 0.060250 0.820789
27 0.094232 0.523297 0.057678 0.845878
17 0.157421 0.569892 0.052535 0.860215
27 0.216936 0.528674 0.059148 0.806452
30 0.276084 0.473118 0.056209 0.896057
5 0.337619 0.498208 0.056576 0.845878
8 0.398053 0.491039 0.054004 0.752688
9 0.457017 0.491039 0.056576 0.831541
0 0.516716 0.528674 0.057678 0.935484
20 0.572557 0.498208 0.054004 0.896057
25 0.630970 0.516129 0.049596 0.960573
0 0.689934 0.471326 0.055107 0.792115
6 0.747796 0.464158 0.057678 0.806452
0 0.806209 0.503584 0.059148 0.856631
9 0.862417 0.478495 0.045922 0.777778
6 0.913666 0.433692 0.056576 0.716846
3 0.972079 0.485663 0.041881 0.870968
