22 0.034344 0.596875 0.054074 0.750000
27 0.091158 0.532813 0.059554 0.784375
17 0.157472 0.537500 0.056997 0.775000
27 0.214834 0.537500 0.055535 0.706250
30 0.277128 0.509375 0.061016 0.718750
5 0.338875 0.510938 0.059554 0.740625
8 0.396785 0.509375 0.054074 0.718750
9 0.455243 0.521875 0.054074 0.856250
0 0.515345 0.568750 0.050055 0.856250
20 0.568140 0.509375 0.052612 0.762500
25 0.628243 0.475000 0.056631 0.831250
0 0.688528 0.515625 0.063939 0.662500
6 0.749361 0.503125 0.055535 0.800000
0 0.806175 0.504687 0.052978 0.753125
9 0.864450 0.509375 0.055535 0.831250
6 0.918707 0.492188 0.050055 0.796875
3 0.970588 0.509375 0.048593 0.856250
