22 0.036922 0.498099 0.057520 0.836502
27 0.093082 0.471483 0.060241 0.889734
17 0.157598 0.439163 0.065682 0.695817
27 0.219782 0.532319 0.058686 0.851711
30 0.278663 0.498099 0.053634 0.836502
5 0.338321 0.460076 0.054800 0.813688
8 0.394675 0.519011 0.052468 0.825095
9 0.454333 0.524715 0.061407 0.942966
0 0.513408 0.498099 0.053634 0.783270
20 0.571512 0.532319 0.054800 0.904943
25 0.624563 0.538023 0.053634 0.916350
0 0.684221 0.503802 0.054800 0.749049
6 0.743101 0.557034 0.057520 0.825095
0 0.799456 0.490494 0.055188 0.851711
9 0.852312 0.538023 0.048193 0.893536
6 0.907890 0.473384 0.062962 0.787072
2 0.969685 0.551331 0.055188 0.889734
