22 0.029032 0.593511 0.052751 0.790076
27 0.091082 0.580153 0.062998 0.839695
17 0.154839 0.559160 0.055408 0.881679
27 0.211385 0.538168 0.059962 0.923664
30 0.268880 0.593511 0.055787 0.790076
5 0.327894 0.540076 0.056926 0.874046
8 0.390323 0.532443 0.057306 0.935115
9 0.449905 0.532443 0.054269 0.935115
0 0.507400 0.568702 0.055408 0.816794
20 0.566414 0.519084 0.054269 0.885496
25 0.622201 0.511450 0.055028 0.977099
0 0.681404 0.513359 0.059583 0.820611
6 0.742505 0.526718 0.062619 0.923664
0 0.801898 0.503817 0.059203 0.992366
9 0.858254 0.517176 0.049715 0.965649
6 0.918027 0.519084 0.063757 0.832061
3 0.975712 0.534351 0.043264 0.885496
