22 0.032128 0.496711 0.054252 0.723684
27 0.090612 0.491776 0.059638 0.759868
17 0.151020 0.473684 0.061177 0.750000
27 0.209311 0.496711 0.060793 0.769737
30 0.272990 0.485197 0.061177 0.746711
5 0.332820 0.475329 0.058484 0.680921
8 0.393805 0.519737 0.055791 0.796053
9 0.452097 0.519737 0.060793 0.769737
0 0.507695 0.514803 0.050404 0.759868
20 0.562524 0.555921 0.053867 0.888158
25 0.622740 0.524671 0.059638 0.851974
0 0.683725 0.577303 0.062332 0.726974
6 0.742401 0.560855 0.055021 0.878289
0 0.801847 0.593750 0.062332 0.805921
9 0.858407 0.560855 0.045402 0.878289
6 0.912274 0.583882 0.055406 0.832237
2 0.969027 0.572368 0.054252 0.855263
