22 0.028592 0.558824 0.055013 0.730104
27 0.084872 0.551903 0.054651 0.820069
17 0.147847 0.564014 0.060442 0.871972
27 0.208831 0.531142 0.053565 0.806228
30 0.270539 0.494810 0.056098 0.782007
5 0.330076 0.506920 0.055013 0.833910
8 0.389251 0.486159 0.049584 0.820069
9 0.446073 0.519031 0.048136 0.858131
0 0.506334 0.524221 0.053565 0.820069
20 0.560803 0.524221 0.046688 0.896194
25 0.619073 0.487889 0.056098 0.795848
0 0.678610 0.506920 0.052117 0.806228
6 0.743757 0.467128 0.056460 0.754325
0 0.799312 0.500000 0.049584 0.847751
9 0.861744 0.512111 0.056460 0.844291
6 0.915309 0.486159 0.050670 0.820069
3 0.971227 0.538062 0.055375 0.923875
