22 0.033598 0.530576 0.052023 0.787770
27 0.095918 0.550360 0.058887 0.877698
17 0.154624 0.517986 0.056358 0.784173
27 0.213692 0.525180 0.058887 0.798561
30 0.273121 0.491007 0.057803 0.838129
5 0.339415 0.532374 0.055997 0.812950
8 0.394147 0.532374 0.053468 0.892086
9 0.453035 0.491007 0.045520 0.866906
0 0.510116 0.568345 0.049855 0.863309
20 0.562861 0.532374 0.056358 0.892086
25 0.621749 0.510791 0.045520 0.748201
0 0.682623 0.564748 0.060332 0.827338
6 0.740065 0.523381 0.052384 0.931655
0 0.798049 0.543165 0.058526 0.913669
9 0.856575 0.528777 0.046965 0.942446
6 0.909682 0.555755 0.049133 0.888489
3 0.966582 0.548561 0.050217 0.902878
