22 0.033986 0.548387 0.052457 0.903226
27 0.089213 0.554435 0.057259 0.891129
17 0.154969 0.548387 0.059475 0.879032
27 0.210565 0.540323 0.051718 0.919355
30 0.267824 0.506048 0.055412 0.762097
5 0.330440 0.500000 0.054304 0.862903
8 0.386036 0.548387 0.054673 0.903226
9 0.443110 0.491935 0.052826 0.790323
0 0.498522 0.534274 0.044699 0.931452
20 0.557813 0.548387 0.055412 0.903226
25 0.614887 0.540323 0.052826 0.919355
0 0.676025 0.528226 0.062061 0.806452
6 0.736239 0.514113 0.055412 0.923387
0 0.791651 0.491935 0.055412 0.846774
9 0.850942 0.542339 0.052826 0.891129
6 0.910233 0.534274 0.050240 0.931452
5 0.970078 0.534274 0.056151 0.931452
