22 0.033032 0.535494 0.059110 0.712963
27 0.091273 0.554012 0.062935 0.867284
17 0.155424 0.510802 0.054937 0.830247
27 0.214882 0.487654 0.061196 0.808642
30 0.282337 0.475309 0.054937 0.759259
5 0.342663 0.447531 0.065716 0.771605
8 0.406641 0.524691 0.060153 0.783951
9 0.462796 0.469136 0.052156 0.771605
0 0.523818 0.547840 0.055981 0.879630
20 0.579277 0.464506 0.057719 0.830247
25 0.638734 0.469136 0.053547 0.771605
0 0.698887 0.452160 0.053547 0.737654
6 0.757823 0.447531 0.061544 0.771605
0 0.816064 0.469136 0.057719 0.771605
9 0.871001 0.445988 0.052156 0.842593
6 0.923679 0.435185 0.051113 0.746914
5 0.976530 0.456790 0.046940 0.839506
