22 0.033982 0.519455 0.060617 0.929961
27 0.087619 0.525292 0.057678 0.863813
17 0.147502 0.498054 0.064291 0.887160
27 0.210323 0.525292 0.059148 0.887160
30 0.270206 0.498054 0.062821 0.918288
5 0.331741 0.511673 0.055107 0.859922
8 0.387583 0.490272 0.053637 0.933852
9 0.445996 0.503891 0.049963 0.875486
0 0.504960 0.517510 0.067965 0.902724
20 0.561536 0.463035 0.052535 0.817121
25 0.620500 0.505837 0.063189 0.902724
0 0.682219 0.525292 0.049963 0.941634
6 0.738611 0.525292 0.062821 0.941634
0 0.798310 0.503891 0.056576 0.929961
9 0.859478 0.519455 0.055474 0.961089
6 0.916238 0.527237 0.053637 0.945525
5 0.969508 0.525292 0.060250 0.887160
