22 0.029825 0.569079 0.051423 0.796053
27 0.086562 0.513158 0.059308 0.809211
17 0.151697 0.537829 0.060679 0.812500
27 0.210490 0.513158 0.056908 0.782895
30 0.276311 0.518092 0.054165 0.871711
5 0.337161 0.537829 0.056565 0.832237
8 0.397840 0.475329 0.059308 0.858553
9 0.458348 0.544408 0.056908 0.845395
0 0.519712 0.519737 0.044566 0.848684
20 0.574563 0.506579 0.051423 0.822368
25 0.631642 0.493421 0.060679 0.848684
0 0.690435 0.468750 0.054165 0.773026
6 0.747172 0.513158 0.056565 0.861842
0 0.807165 0.500000 0.057936 0.809211
9 0.864587 0.473684 0.051423 0.835526
6 0.917895 0.481908 0.050394 0.871711
5 0.967432 0.449013 0.048680 0.858553
