22 0.029835 0.616608 0.055556 0.738516
27 0.090123 0.591873 0.054321 0.809187
17 0.153292 0.593640 0.055556 0.784452
27 0.214403 0.628975 0.060905 0.742049
30 0.274691 0.581272 0.059671 0.809187
5 0.335185 0.547703 0.063786 0.763251
8 0.400206 0.565371 0.055556 0.614841
9 0.458436 0.581272 0.058436 0.787986
0 0.511523 0.501767 0.047737 0.650177
20 0.566872 0.491166 0.059671 0.763251
25 0.623251 0.501767 0.055556 0.742049
0 0.682922 0.485866 0.055556 0.773852
6 0.741975 0.455830 0.056790 0.742049
0 0.798971 0.439929 0.059671 0.731449
9 0.858848 0.445230 0.049383 0.742049
6 0.917901 0.409894 0.068724 0.742049
4 0.974897 0.399293 0.050206 0.742049
