22 0.032930 0.517986 0.055180 0.762590
27 0.086864 0.555755 0.057672 0.888489
17 0.149697 0.530576 0.059452 0.866906
27 0.210217 0.550360 0.048772 0.877698
30 0.268957 0.498201 0.060876 0.744604
5 0.332325 0.537770 0.055180 0.852518
8 0.393378 0.548561 0.059096 0.902878
9 0.450338 0.510791 0.054112 0.798561
0 0.508366 0.530576 0.054112 0.866906
20 0.566750 0.562950 0.059808 0.874101
25 0.624066 0.543165 0.042720 0.913669
0 0.684585 0.555755 0.053400 0.888489
6 0.743503 0.548561 0.070844 0.902878
0 0.805269 0.535971 0.049128 0.928058
9 0.859737 0.491007 0.052688 0.866906
6 0.921680 0.505396 0.057672 0.838129
5 0.975970 0.537770 0.048060 0.902878
