22 0.032973 0.557034 0.055920 0.802281
27 0.091593 0.505703 0.058234 0.851711
17 0.159468 0.524715 0.055920 0.836502
27 0.218666 0.530418 0.062476 0.825095
30 0.281142 0.498099 0.057077 0.783270
5 0.338990 0.473384 0.064019 0.733840
8 0.396259 0.524715 0.061319 0.813688
9 0.454493 0.519011 0.050521 0.961977
0 0.512534 0.557034 0.062476 0.749049
20 0.570382 0.511407 0.055534 0.809886
25 0.627073 0.532319 0.062476 0.851711
0 0.685499 0.511407 0.054377 0.809886
6 0.742576 0.479087 0.057462 0.775665
0 0.800424 0.519011 0.055920 0.931559
9 0.854416 0.492395 0.054377 0.878327
6 0.914771 0.471483 0.060933 0.866920
4 0.973390 0.486692 0.053220 0.920152
