22 0.034118 0.508834 0.053073 0.706714
27 0.089984 0.491166 0.053073 0.692580
17 0.149242 0.480565 0.054270 0.742049
27 0.212291 0.515901 0.055866 0.742049
30 0.270351 0.450530 0.054669 0.752650
5 0.330806 0.491166 0.058260 0.720848
8 0.390064 0.538869 0.062650 0.766784
9 0.447925 0.515901 0.050678 0.742049
0 0.505387 0.560071 0.053871 0.879859
20 0.561053 0.533569 0.055866 0.848057
25 0.617518 0.544170 0.054669 0.848057
0 0.680567 0.526502 0.050678 0.833922
6 0.735036 0.526502 0.055866 0.862191
0 0.794892 0.538869 0.047885 0.908127
9 0.853551 0.591873 0.053472 0.731449
6 0.910016 0.533569 0.062650 0.706714
4 0.971269 0.514134 0.057462 0.809187
