22 0.025611 0.569170 0.049645 0.853755
27 0.082742 0.549407 0.059102 0.845850
17 0.145784 0.490119 0.053586 0.750988
27 0.201143 0.563241 0.053980 0.873518
30 0.262608 0.496047 0.061860 0.739130
5 0.321710 0.555336 0.053980 0.881423
8 0.382191 0.517787 0.056738 0.830040
9 0.435973 0.537549 0.048463 0.924901
0 0.493893 0.535573 0.056344 0.841897
20 0.554374 0.517787 0.059102 0.909091
25 0.613475 0.515810 0.051221 0.802372
0 0.671198 0.529644 0.053980 0.909091
6 0.729511 0.535573 0.057920 0.897233
0 0.796099 0.583004 0.043735 0.833992
9 0.853625 0.517787 0.061860 0.830040
6 0.912136 0.551383 0.049645 0.897233
4 0.966903 0.543478 0.052009 0.913043
