22 0.036192 0.496198 0.053501 0.809886
27 0.090677 0.547529 0.060189 0.813688
17 0.152832 0.517110 0.061762 0.722433
27 0.214595 0.539924 0.061762 0.722433
30 0.272817 0.496198 0.060189 0.733840
5 0.331235 0.509506 0.051141 0.737643
8 0.390244 0.539924 0.051141 0.798479
9 0.451220 0.509506 0.052714 0.813688
0 0.507671 0.509506 0.052321 0.836502
20 0.561959 0.498099 0.064123 0.912548
25 0.618411 0.528517 0.056648 0.927757
0 0.680763 0.446768 0.060189 0.711027
6 0.740952 0.522814 0.060189 0.809886
0 0.800157 0.479087 0.055075 0.798479
9 0.858969 0.490494 0.060189 0.851711
6 0.915421 0.465779 0.055075 0.825095
4 0.967742 0.532319 0.057435 0.935361
