22 0.033309 0.611722 0.057784 0.776557
27 0.091461 0.553114 0.053368 0.893773
17 0.154766 0.587912 0.059257 0.758242
27 0.214023 0.549451 0.051159 0.835165
30 0.273831 0.531136 0.050055 0.798535
5 0.335112 0.529304 0.064409 0.772894
8 0.396209 0.536630 0.057784 0.758242
9 0.454729 0.565934 0.051895 0.868132
0 0.514354 0.549451 0.057784 0.813187
20 0.566250 0.531136 0.040854 0.901099
25 0.620169 0.503663 0.053736 0.926740
0 0.681818 0.445055 0.046007 0.706960
6 0.738498 0.516484 0.061465 0.849817
0 0.800883 0.457875 0.047111 0.783883
9 0.856827 0.496337 0.048583 0.941392
6 0.915164 0.492674 0.052632 0.824176
6 0.965955 0.503663 0.051159 0.904762
