22 0.029767 0.569597 0.049879 0.831502
27 0.088093 0.509158 0.053902 0.805861
17 0.147627 0.503663 0.052293 0.794872
27 0.206154 0.472527 0.059131 0.805861
30 0.269710 0.478022 0.055109 0.743590
5 0.332261 0.479853 0.056315 0.769231
8 0.387772 0.483516 0.049879 0.805861
9 0.444087 0.478022 0.054706 0.743590
0 0.503218 0.472527 0.052293 0.783883
20 0.562751 0.454212 0.048270 0.820513
25 0.618262 0.412088 0.052293 0.780220
0 0.681416 0.454212 0.046661 0.769231
6 0.739743 0.417582 0.050684 0.747253
0 0.796862 0.465201 0.052293 0.769231
9 0.854988 0.428571 0.053500 0.769231
6 0.918745 0.423077 0.054706 0.780220
6 0.973854 0.452381 0.052293 0.743590
