22 0.034006 0.523810 0.050822 0.761905
27 0.094731 0.529304 0.057175 0.824176
17 0.156577 0.523810 0.056054 0.915751
27 0.218236 0.536630 0.061286 0.860806
30 0.277466 0.485348 0.057175 0.758242
5 0.337631 0.496337 0.057175 0.758242
8 0.399103 0.523810 0.049327 0.783883
9 0.457773 0.512821 0.049327 0.974359
0 0.513079 0.518315 0.047833 0.824176
20 0.567265 0.523810 0.062780 0.835165
25 0.629858 0.510989 0.054933 0.890110
0 0.687220 0.492674 0.049327 0.824176
6 0.745889 0.518315 0.054559 0.824176
0 0.804746 0.446886 0.057175 0.732601
9 0.860052 0.518315 0.050448 0.875458
6 0.915359 0.445055 0.060164 0.758242
6 0.973468 0.445055 0.050822 0.809524
