22 0.031611 0.496154 0.053200 0.823077
27 0.087702 0.509615 0.055898 0.850000
17 0.152853 0.463462 0.050501 0.780769
27 0.208558 0.528846 0.055513 0.834615
30 0.272359 0.457692 0.050501 0.823077
5 0.333462 0.523077 0.063994 0.823077
8 0.389938 0.523077 0.051272 0.953846
9 0.451812 0.544231 0.058597 0.888462
0 0.510216 0.536538 0.055898 0.850000
20 0.565536 0.509615 0.051658 0.873077
25 0.624711 0.542308 0.055898 0.915385
0 0.682537 0.523077 0.054356 0.846154
6 0.740170 0.523077 0.053200 0.900000
0 0.794719 0.515385 0.055898 0.807692
9 0.856785 0.523077 0.059753 0.846154
6 0.911719 0.523077 0.058597 0.900000
6 0.967039 0.503846 0.046646 0.861538
