22 0.034597 0.564014 0.059030 0.705882
27 0.095387 0.576125 0.059421 0.681661
17 0.157349 0.564014 0.056685 0.726644
27 0.218139 0.581315 0.053948 0.809689
30 0.277952 0.503460 0.071149 0.750865
5 0.339132 0.498270 0.051212 0.788927
8 0.399335 0.515571 0.052776 0.705882
9 0.461298 0.480969 0.057858 0.678201
0 0.519156 0.480969 0.050039 0.726644
20 0.569781 0.491349 0.048866 0.726644
25 0.628421 0.425606 0.049648 0.692042
0 0.690383 0.463668 0.057858 0.692042
6 0.745700 0.444637 0.041830 0.702422
0 0.804535 0.432526 0.053948 0.726644
9 0.864347 0.437716 0.041439 0.764706
6 0.919077 0.420415 0.048475 0.730104
7 0.970094 0.385813 0.045739 0.681661
