22 0.029916 0.679936 0.051855 0.640127
27 0.088353 0.643312 0.051456 0.713376
17 0.153570 0.636943 0.059832 0.656051
27 0.215796 0.648089 0.054248 0.703822
30 0.277224 0.605096 0.051855 0.700637
5 0.335660 0.593949 0.046669 0.659236
8 0.396290 0.579618 0.050658 0.605096
9 0.454727 0.573248 0.045473 0.719745
0 0.513761 0.536624 0.051855 0.582803
20 0.568408 0.504777 0.043877 0.754777
25 0.624850 0.500000 0.058636 0.636943
0 0.686677 0.503185 0.049063 0.732484
6 0.745911 0.477707 0.053450 0.719745
0 0.802353 0.382166 0.054647 0.573248
9 0.859593 0.439490 0.051855 0.796178
6 0.914240 0.425159 0.051855 0.659236
7 0.968089 0.407643 0.047866 0.732484
