22 0.034959 0.656250 0.051220 0.615132
27 0.087195 0.615132 0.056504 0.677632
17 0.157520 0.615132 0.063008 0.677632
27 0.214024 0.588816 0.052439 0.690789
30 0.274187 0.593750 0.050000 0.700658
5 0.329878 0.536184 0.056504 0.690789
8 0.396138 0.577303 0.050000 0.667763
9 0.451829 0.578947 0.045935 0.710526
0 0.515447 0.577303 0.057724 0.753289
20 0.569919 0.524671 0.048780 0.733553
25 0.627642 0.498355 0.051220 0.786184
0 0.685366 0.493421 0.053659 0.710526
6 0.744919 0.493421 0.054878 0.671053
0 0.805894 0.450658 0.054065 0.776316
9 0.860976 0.434211 0.043089 0.743421
6 0.913415 0.419408 0.053659 0.648026
7 0.971748 0.493421 0.050000 0.796053
