22 0.035056 0.579848 0.058894 0.695817
27 0.095152 0.608365 0.058894 0.783270
17 0.157853 0.585551 0.058494 0.783270
27 0.215144 0.596958 0.058494 0.806084
30 0.277444 0.560837 0.049279 0.787072
5 0.336138 0.528517 0.057692 0.745247
8 0.395032 0.547529 0.052083 0.737643
9 0.453726 0.558935 0.062901 0.760456
0 0.515024 0.528517 0.057292 0.775665
20 0.566506 0.501901 0.045673 0.798479
25 0.628606 0.534221 0.054487 0.809886
0 0.687300 0.509506 0.062901 0.813688
6 0.747396 0.498099 0.057292 0.836502
0 0.802885 0.458175 0.050481 0.711027
9 0.860978 0.477186 0.052083 0.847909
6 0.915064 0.458175 0.053686 0.809886
7 0.961739 0.501901 0.045272 0.874525
