22 0.032384 0.526749 0.052282 0.905350
27 0.088958 0.506173 0.057745 0.781893
17 0.153531 0.504115 0.060476 0.835391
27 0.211471 0.522634 0.053063 0.954733
30 0.273898 0.504115 0.064768 0.835391
5 0.329692 0.497942 0.052282 0.880658
8 0.384705 0.528807 0.052282 0.942387
9 0.449083 0.543210 0.056964 0.913580
0 0.504682 0.547325 0.055014 0.897119
20 0.557550 0.514403 0.048381 0.971193
25 0.617050 0.532922 0.056574 0.835391
0 0.682208 0.520576 0.058135 0.893004
6 0.736637 0.489712 0.059306 0.864198
0 0.794187 0.506173 0.053453 0.979424
9 0.854467 0.534979 0.052282 0.921811
6 0.910847 0.528807 0.057355 0.942387
6 0.967421 0.475309 0.058135 0.893004
