22 0.032385 0.567164 0.057662 0.731343
27 0.087283 0.582090 0.052133 0.835821
17 0.151461 0.554104 0.056477 0.884328
27 0.212085 0.524254 0.053712 0.794776
30 0.275276 0.548507 0.053712 0.798507
5 0.333926 0.500000 0.052528 0.746269
8 0.392970 0.500000 0.055292 0.746269
9 0.451027 0.498134 0.049763 0.720149
0 0.509084 0.481343 0.055292 0.708955
20 0.564968 0.460821 0.048578 0.794776
25 0.624013 0.498134 0.051343 0.720149
0 0.682662 0.486940 0.044629 0.772388
6 0.742694 0.442164 0.064376 0.809701
0 0.805885 0.423507 0.056477 0.772388
9 0.861177 0.444030 0.048578 0.783582
6 0.915877 0.436567 0.047393 0.820896
8 0.973144 0.473881 0.051343 0.798507
