22 0.032015 0.605042 0.058015 0.789916
27 0.092823 0.584034 0.061882 0.773109
17 0.153202 0.584034 0.051139 0.831933
27 0.213795 0.569328 0.053717 0.802521
30 0.275462 0.516807 0.056725 0.798319
5 0.335840 0.563025 0.056296 0.840336
8 0.390202 0.565126 0.049850 0.869748
9 0.451440 0.575630 0.053717 0.840336
0 0.511603 0.556723 0.053717 0.852941
20 0.564676 0.537815 0.055006 0.890756
25 0.623979 0.546218 0.052428 0.907563
0 0.683928 0.565126 0.045982 0.869748
6 0.739364 0.565126 0.051998 0.869748
0 0.801031 0.563025 0.055006 0.865546
9 0.853245 0.506303 0.049420 0.987395
6 0.915342 0.550420 0.057585 0.789916
8 0.970563 0.537815 0.052858 0.924370
