22 0.030238 0.602473 0.051112 0.745583
27 0.086812 0.565371 0.058915 0.742049
17 0.147288 0.558304 0.056574 0.805654
27 0.206594 0.553004 0.056574 0.745583
30 0.269801 0.515901 0.056574 0.692580
5 0.327546 0.515901 0.056574 0.742049
8 0.386266 0.510601 0.052282 0.660777
9 0.445962 0.522968 0.053843 0.826855
0 0.501366 0.510601 0.053843 0.731449
20 0.556379 0.498233 0.056184 0.805654
25 0.614904 0.431095 0.055404 0.720848
0 0.676161 0.485866 0.056184 0.879859
6 0.732540 0.462898 0.051112 0.756184
0 0.793211 0.431095 0.059306 0.720848
9 0.852517 0.462898 0.053843 0.756184
7 0.912212 0.413428 0.052282 0.756184
0 0.968201 0.443463 0.062037 0.745583
