22 0.028287 0.458175 0.055014 0.840304
27 0.090909 0.509506 0.056184 0.760456
17 0.149434 0.498099 0.060866 0.836502
27 0.208935 0.545627 0.058135 0.908745
30 0.267850 0.465779 0.058135 0.749049
5 0.326961 0.519011 0.052282 0.931559
8 0.384901 0.530418 0.055014 0.802281
9 0.443426 0.505703 0.051112 0.851711
0 0.499805 0.524715 0.053843 0.866920
20 0.555794 0.484791 0.052673 0.916350
25 0.611588 0.524715 0.048771 0.836502
0 0.675966 0.517110 0.051112 0.798479
6 0.735271 0.524715 0.056574 0.889734
0 0.795942 0.479087 0.053843 0.798479
9 0.854467 0.498099 0.049941 0.783270
6 0.912993 0.511407 0.053843 0.863118
9 0.969372 0.498099 0.056574 0.836502
