22 0.033879 0.620141 0.059190 0.731449
27 0.087422 0.607774 0.061916 0.777385
17 0.151285 0.584806 0.054907 0.780919
27 0.213006 0.577739 0.068536 0.795053
30 0.276090 0.558304 0.055296 0.756184
5 0.330607 0.505300 0.053738 0.742049
8 0.390187 0.547703 0.052181 0.756184
9 0.449377 0.553004 0.055296 0.816254
0 0.512461 0.530035 0.057632 0.791519
20 0.568341 0.530035 0.051012 0.890459
25 0.624611 0.473498 0.053738 0.805654
0 0.684385 0.473498 0.049455 0.826855
6 0.744159 0.450530 0.059190 0.780919
0 0.809190 0.473498 0.052181 0.805654
9 0.865654 0.468198 0.049844 0.886926
6 0.922118 0.448763 0.057632 0.805654
9 0.978193 0.446996 0.043614 0.802120
