22 0.029485 0.455224 0.046598 0.708955
27 0.084124 0.460821 0.054433 0.697761
17 0.143918 0.438433 0.051959 0.697761
27 0.201237 0.535448 0.056907 0.794776
30 0.262474 0.492537 0.057320 0.708955
5 0.323093 0.460821 0.053196 0.600746
8 0.376907 0.479478 0.049485 0.757463
9 0.438144 0.485075 0.059794 0.746269
0 0.495876 0.533582 0.053196 0.746269
20 0.551134 0.527985 0.051546 0.779851
25 0.608247 0.526119 0.054433 0.947761
0 0.672165 0.539179 0.054433 0.735075
6 0.726598 0.555970 0.051959 0.888060
0 0.785155 0.514925 0.062680 0.805970
9 0.853196 0.539179 0.051959 0.757463
6 0.909072 0.485075 0.059794 0.843284
9 0.969897 0.580224 0.056907 0.839552
