22 0.031406 0.526616 0.053661 0.726236
27 0.085691 0.557034 0.054908 0.832700
17 0.153494 0.515209 0.056572 0.749049
27 0.211106 0.526616 0.056156 0.771863
30 0.269551 0.534221 0.057404 0.809886
5 0.329243 0.539924 0.056156 0.722433
8 0.392263 0.532319 0.048253 0.783270
9 0.444676 0.515209 0.056572 0.794677
0 0.505616 0.576046 0.043677 0.847909
20 0.560108 0.545627 0.053661 0.885932
25 0.621256 0.557034 0.057820 0.809886
0 0.683028 0.558935 0.055740 0.882129
6 0.738353 0.528517 0.059068 0.821293
0 0.796173 0.551331 0.050749 0.775665
9 0.856281 0.606464 0.045341 0.787072
6 0.912438 0.576046 0.049501 0.847909
8 0.966098 0.614068 0.044509 0.771863
