22 0.034252 0.489451 0.052632 0.860759
27 0.090852 0.434599 0.058062 0.801688
17 0.155388 0.483122 0.060986 0.814346
27 0.213868 0.443038 0.059315 0.843882
30 0.275480 0.483122 0.060568 0.763713
5 0.332707 0.455696 0.051378 0.869198
8 0.391813 0.481013 0.059315 0.843882
9 0.449875 0.497890 0.050961 0.843882
0 0.505013 0.529536 0.048454 0.856540
20 0.558897 0.455696 0.056809 0.818565
25 0.622389 0.502110 0.048454 0.801688
0 0.678780 0.529536 0.059315 0.881857
6 0.738931 0.504219 0.052632 0.831224
0 0.798037 0.516878 0.049708 0.856540
9 0.857352 0.476793 0.049708 0.801688
6 0.911445 0.489451 0.055138 0.751055
8 0.966583 0.531646 0.052632 0.911392
