22 0.031140 0.425856 0.045828 0.775665
27 0.085977 0.412548 0.052879 0.749049
17 0.151391 0.492395 0.059146 0.878327
27 0.207991 0.433460 0.048570 0.760456
30 0.270858 0.425856 0.055229 0.745247
5 0.327654 0.471483 0.060713 0.866920
8 0.392479 0.492395 0.057971 0.771863
9 0.448492 0.505703 0.054054 0.851711
0 0.507834 0.517110 0.051312 0.798479
20 0.564042 0.543726 0.050137 0.904943
25 0.618880 0.498099 0.054054 0.889734
0 0.682335 0.511407 0.054054 0.787072
6 0.743635 0.538023 0.060713 0.840304
0 0.802585 0.498099 0.054054 0.942966
9 0.858402 0.538023 0.047395 0.916350
6 0.915785 0.524715 0.048570 0.920152
9 0.972777 0.501901 0.054446 0.874525
