22 0.033825 0.530837 0.053773 0.841410
27 0.089115 0.539648 0.050737 0.911894
17 0.148959 0.550661 0.055074 0.881057
27 0.208586 0.517621 0.045967 0.814978
30 0.273851 0.544053 0.060278 0.788546
5 0.332827 0.537445 0.052472 0.828194
8 0.388768 0.524229 0.056808 0.801762
9 0.446227 0.508811 0.050304 0.982379
0 0.508239 0.563877 0.056375 0.801762
20 0.561362 0.568282 0.052472 0.863436
25 0.618170 0.537445 0.055074 0.801762
0 0.676930 0.555066 0.054640 0.889868
6 0.739809 0.548458 0.051171 0.903084
0 0.798786 0.541850 0.053773 0.916300
9 0.857546 0.533040 0.048135 0.925110
6 0.914354 0.497797 0.062012 0.907489
8 0.971379 0.522026 0.046834 0.955947
