22 0.031499 0.608844 0.050095 0.653061
27 0.085958 0.590136 0.052751 0.765306
17 0.148197 0.554422 0.055787 0.714286
27 0.208539 0.552721 0.051233 0.765306
30 0.270209 0.547619 0.060721 0.802721
5 0.324478 0.498299 0.050095 0.826531
8 0.386717 0.510204 0.060721 0.680272
9 0.446300 0.528912 0.055408 0.812925
0 0.501898 0.500000 0.047438 0.727891
20 0.554839 0.476190 0.055408 0.850340
25 0.619165 0.488095 0.048956 0.778912
0 0.682922 0.506803 0.051233 0.789116
6 0.742505 0.450680 0.051233 0.778912
0 0.801518 0.414966 0.050095 0.755102
9 0.857116 0.438776 0.052751 0.775510
6 0.916698 0.433673 0.052751 0.765306
9 0.973624 0.481293 0.047438 0.860544
