22 0.029965 0.610465 0.051312 0.763566
27 0.084998 0.587209 0.053271 0.825581
17 0.148061 0.587209 0.052487 0.825581
27 0.205836 0.594961 0.054446 0.810078
30 0.268312 0.556202 0.052487 0.872093
5 0.327850 0.600775 0.058754 0.798450
8 0.389738 0.556202 0.050137 0.678295
9 0.445946 0.529070 0.051312 0.895349
0 0.505288 0.596899 0.056404 0.759690
20 0.558754 0.540698 0.050529 0.918605
25 0.617117 0.548450 0.061496 0.903101
0 0.680572 0.540698 0.048179 0.918605
6 0.740110 0.540698 0.059146 0.918605
0 0.800823 0.521318 0.059146 0.957364
9 0.859773 0.529070 0.050137 0.841085
7 0.913239 0.536822 0.051312 0.879845
0 0.971210 0.534884 0.053662 0.930233
