22 0.030393 0.575099 0.048868 0.818182
27 0.088200 0.503953 0.055622 0.802372
17 0.149583 0.529644 0.054430 0.853755
27 0.209178 0.555336 0.054430 0.857708
30 0.268772 0.476285 0.062376 0.802372
5 0.332539 0.509881 0.059595 0.845850
8 0.389352 0.482213 0.057211 0.790514
9 0.444378 0.476285 0.050457 0.802372
0 0.507946 0.476285 0.058403 0.723320
20 0.562177 0.509881 0.053238 0.766798
25 0.620977 0.535573 0.051649 0.897233
0 0.681963 0.496047 0.056814 0.897233
6 0.744934 0.515810 0.050060 0.881423
0 0.801152 0.476285 0.054430 0.802372
9 0.866110 0.496047 0.059595 0.818182
7 0.919746 0.470356 0.050060 0.869565
0 0.973778 0.511858 0.052443 0.897233
