22 0.032648 0.611940 0.054010 0.776119
27 0.088069 0.561567 0.057638 0.794776
17 0.153164 0.554104 0.056429 0.884328
27 0.212414 0.591418 0.054010 0.735075
30 0.272068 0.518657 0.052398 0.708955
5 0.330109 0.516791 0.052398 0.735075
8 0.393188 0.548507 0.065699 0.768657
9 0.450222 0.529851 0.045949 0.805970
0 0.508061 0.542910 0.053607 0.757463
20 0.562273 0.498134 0.060459 0.847015
25 0.618299 0.518657 0.048368 0.858209
0 0.676542 0.473881 0.057638 0.798507
6 0.740427 0.492537 0.056429 0.858209
0 0.798871 0.417910 0.049980 0.783582
9 0.853486 0.518657 0.054414 0.962687
7 0.910520 0.425373 0.060459 0.746269
1 0.968763 0.500000 0.045546 0.895522
