22 0.032144 0.526235 0.056856 0.694444
27 0.089744 0.489198 0.058343 0.706790
17 0.154218 0.510802 0.057228 0.663580
27 0.212560 0.526235 0.057228 0.694444
30 0.276849 0.515432 0.055741 0.672840
5 0.335377 0.504630 0.053140 0.626543
8 0.393162 0.516975 0.057228 0.651235
9 0.450019 0.532407 0.049052 0.706790
0 0.513192 0.564815 0.052768 0.660494
20 0.568190 0.537037 0.054255 0.716049
25 0.629320 0.564815 0.054627 0.728395
0 0.689706 0.547840 0.052768 0.694444
6 0.747306 0.554012 0.062430 0.706790
0 0.807135 0.577160 0.052025 0.728395
9 0.864734 0.581790 0.055741 0.780864
7 0.923077 0.561728 0.049796 0.876543
1 0.976217 0.552469 0.047566 0.876543
