22 0.033838 0.630037 0.055732 0.732601
27 0.089172 0.564103 0.051752 0.717949
17 0.151473 0.587912 0.054538 0.743590
27 0.209793 0.575092 0.054140 0.695971
30 0.271497 0.520147 0.055732 0.805861
5 0.328424 0.564103 0.055732 0.717949
8 0.384952 0.571429 0.049363 0.732601
9 0.443869 0.509158 0.055732 0.805861
0 0.503185 0.558608 0.051752 0.758242
20 0.557524 0.527473 0.054538 0.791209
25 0.614650 0.527473 0.051752 0.769231
0 0.674164 0.540293 0.054538 0.743590
6 0.733877 0.490842 0.056927 0.747253
0 0.795581 0.479853 0.058519 0.769231
9 0.852110 0.430403 0.046576 0.721612
7 0.912420 0.490842 0.055732 0.864469
0 0.967556 0.441392 0.056927 0.816850
