22 0.033163 0.571146 0.049058 0.857708
27 0.090659 0.592885 0.051020 0.814229
17 0.149137 0.579051 0.059655 0.841897
27 0.206829 0.584980 0.050235 0.830040
30 0.269819 0.557312 0.056907 0.885375
5 0.327119 0.573123 0.052983 0.806324
8 0.384615 0.539526 0.059655 0.873518
9 0.442111 0.533597 0.047488 0.885375
0 0.502355 0.531621 0.048666 0.723320
20 0.557889 0.531621 0.049058 0.913043
25 0.614796 0.511858 0.051413 0.818182
0 0.676217 0.511858 0.052590 0.818182
6 0.735871 0.539526 0.052590 0.897233
0 0.796115 0.511858 0.067896 0.952569
9 0.855769 0.484190 0.056907 0.897233
7 0.911107 0.478261 0.045918 0.830040
0 0.968603 0.498024 0.058085 0.845850
