22 0.029198 0.578947 0.051527 0.842105
27 0.082634 0.575188 0.055344 0.804511
17 0.148473 0.599624 0.058015 0.800752
27 0.205153 0.599624 0.050763 0.800752
30 0.265458 0.593985 0.055344 0.789474
5 0.321947 0.541353 0.050000 0.766917
8 0.380725 0.541353 0.046183 0.789474
9 0.442939 0.535714 0.050000 0.830827
0 0.497137 0.554511 0.055344 0.845865
20 0.555725 0.515038 0.051145 0.766917
25 0.612023 0.554511 0.056107 0.890977
0 0.674046 0.554511 0.054198 0.845865
6 0.737023 0.565789 0.045802 0.868421
0 0.793321 0.533835 0.058397 0.932331
9 0.856107 0.533835 0.044275 0.932331
7 0.912405 0.483083 0.059160 0.800752
1 0.968130 0.483083 0.044656 0.936090
