22 0.032382 0.510989 0.054742 0.780220
27 0.090401 0.441392 0.050501 0.824176
17 0.150732 0.498168 0.054742 0.732601
27 0.206052 0.492674 0.045104 0.794872
30 0.269661 0.479853 0.061295 0.747253
5 0.330763 0.485348 0.058597 0.780220
8 0.391480 0.478022 0.054356 0.846154
9 0.447186 0.485348 0.054742 0.912088
0 0.505590 0.510989 0.054356 0.882784
20 0.563608 0.498168 0.053200 0.886447
25 0.617965 0.498168 0.053200 0.857143
0 0.679838 0.505495 0.062837 0.820513
6 0.742868 0.529304 0.058597 0.897436
0 0.802043 0.459707 0.054356 0.706960
9 0.861218 0.516484 0.053200 0.820513
7 0.915189 0.454212 0.054742 0.820513
0 0.972436 0.496337 0.055127 0.831502
