22 0.032637 0.579932 0.056322 0.840136
27 0.089519 0.500000 0.050727 0.755102
17 0.155539 0.486395 0.054457 0.727891
27 0.210742 0.511905 0.055949 0.751701
30 0.272846 0.476190 0.054830 0.680272
5 0.334017 0.540816 0.057068 0.741497
8 0.391272 0.493197 0.062663 0.836735
9 0.446662 0.488095 0.048116 0.778912
0 0.507273 0.462585 0.057441 0.802721
20 0.569191 0.523810 0.061171 0.877551
25 0.627191 0.535714 0.057068 0.826531
0 0.686498 0.481293 0.058560 0.792517
6 0.746923 0.500000 0.060052 0.897959
6 0.807535 0.438776 0.055949 0.775510
9 0.864230 0.462585 0.059679 0.775510
7 0.924282 0.523810 0.062663 0.823129
1 0.977061 0.489796 0.045878 0.755102
