22 0.030808 0.551724 0.052983 0.819923
27 0.086931 0.557471 0.056907 0.808429
17 0.152669 0.551724 0.058085 0.873563
27 0.211538 0.503831 0.048666 0.777778
30 0.274333 0.505747 0.055730 0.727969
5 0.330651 0.511494 0.051413 0.846743
8 0.395408 0.498084 0.062402 0.789272
9 0.453100 0.522989 0.047488 0.739464
0 0.510597 0.536398 0.059655 0.766284
20 0.567308 0.465517 0.051413 0.754789
25 0.623038 0.444444 0.051413 0.766284
0 0.687206 0.452107 0.055730 0.750958
6 0.747449 0.484674 0.051413 0.816092
0 0.804356 0.478927 0.051413 0.781609
9 0.863815 0.498084 0.059655 0.927203
7 0.921311 0.473180 0.047488 0.793103
1 0.972724 0.465517 0.041994 0.808429
