22 0.036939 0.395604 0.043673 0.695971
27 0.086939 0.419414 0.051429 0.743590
17 0.146122 0.426740 0.053878 0.684982
27 0.204694 0.419414 0.060816 0.721612
30 0.265918 0.443223 0.061633 0.747253
5 0.326531 0.514652 0.056327 0.860806
8 0.382449 0.467033 0.057959 0.699634
9 0.441020 0.490842 0.048571 0.886447
0 0.499184 0.538462 0.051429 0.813187
20 0.555510 0.549451 0.051429 0.886447
25 0.610204 0.573260 0.057959 0.816850
0 0.666939 0.525641 0.049796 0.838828
6 0.726735 0.553114 0.059184 0.893773
0 0.786939 0.576923 0.050612 0.846154
9 0.846122 0.523810 0.053061 0.952381
7 0.903061 0.565934 0.055918 0.868132
4 0.961224 0.547619 0.048980 0.904762
