22 0.033917 0.457096 0.056893 0.768977
27 0.090080 0.463696 0.055434 0.709571
17 0.155543 0.468647 0.056528 0.719472
27 0.214260 0.488449 0.052881 0.732673
30 0.277170 0.450495 0.053975 0.755776
5 0.335886 0.445545 0.063457 0.745875
8 0.395332 0.481848 0.052516 0.719472
9 0.455325 0.488449 0.048505 0.759076
0 0.517505 0.511551 0.051058 0.759076
20 0.571481 0.523102 0.051058 0.881188
25 0.630926 0.457096 0.048869 0.795380
0 0.688366 0.511551 0.055069 0.831683
6 0.748541 0.500000 0.059446 0.854785
0 0.807075 0.518152 0.049599 0.963696
9 0.861962 0.500000 0.048505 0.980198
7 0.912290 0.584158 0.049234 0.831683
2 0.973559 0.562706 0.052881 0.834983
