22 0.027684 0.519366 0.053861 0.792254
27 0.082298 0.436620 0.052354 0.852113
17 0.146139 0.454225 0.051224 0.767606
27 0.202072 0.500000 0.047081 0.830986
30 0.264407 0.480634 0.061770 0.820423
5 0.321657 0.461268 0.049718 0.830986
8 0.382863 0.475352 0.048588 0.753521
9 0.438606 0.487676 0.047081 0.855634
0 0.501318 0.500000 0.051224 0.781690
20 0.556874 0.542254 0.052354 0.915493
25 0.616384 0.500000 0.052354 0.802817
0 0.678719 0.485915 0.056497 0.830986
6 0.739925 0.542254 0.057627 0.915493
0 0.798493 0.492958 0.056497 0.845070
9 0.854426 0.507042 0.052354 0.816901
7 0.911488 0.448944 0.048211 0.778169
2 0.970245 0.542254 0.055744 0.915493
