22 0.036765 0.410299 0.047988 0.720930
27 0.090557 0.421927 0.060372 0.717608
17 0.150348 0.387043 0.059985 0.654485
27 0.210913 0.436877 0.053406 0.687708
30 0.270317 0.418605 0.059985 0.664452
5 0.325464 0.397010 0.054954 0.654485
8 0.385255 0.456811 0.057663 0.767442
9 0.444272 0.521595 0.060372 0.777409
0 0.509481 0.445183 0.057663 0.784053
20 0.566176 0.500000 0.045666 0.674419
25 0.621711 0.490033 0.054567 0.654485
0 0.682276 0.473422 0.061920 0.667774
6 0.742454 0.553156 0.048375 0.734219
0 0.798375 0.573090 0.061920 0.767442
9 0.860488 0.533223 0.055341 0.827243
7 0.917957 0.524917 0.049536 0.790698
3 0.974652 0.549834 0.050697 0.860465
