22 0.032328 0.452727 0.055212 0.847273
27 0.086088 0.438182 0.055212 0.767273
17 0.153832 0.450909 0.059208 0.821818
27 0.213767 0.512727 0.060661 0.916364
30 0.270251 0.465455 0.055212 0.712727
5 0.335634 0.472727 0.050854 0.778182
8 0.394116 0.465455 0.052307 0.850909
9 0.454777 0.480000 0.044315 0.930909
0 0.511805 0.534545 0.050854 0.930909
20 0.569016 0.512727 0.052670 0.887273
25 0.626226 0.492727 0.056665 0.796364
0 0.685434 0.527273 0.050854 0.887273
6 0.743189 0.525455 0.056665 0.941818
0 0.803124 0.520000 0.060298 0.872727
9 0.860334 0.525455 0.056302 0.941818
7 0.919361 0.534545 0.039956 0.930909
3 0.969306 0.520000 0.037414 0.901818
