22 0.033999 0.585987 0.055432 0.694268
27 0.092018 0.555732 0.050259 0.818471
17 0.152624 0.573248 0.058389 0.783439
27 0.215447 0.573248 0.067258 0.738854
30 0.279933 0.573248 0.064671 0.738854
5 0.340724 0.585987 0.059128 0.694268
8 0.405395 0.595541 0.051737 0.624204
9 0.459165 0.613057 0.050628 0.773885
0 0.510347 0.578025 0.055432 0.773885
20 0.569660 0.562102 0.063193 0.805732
25 0.628973 0.584395 0.052476 0.831210
0 0.689763 0.573248 0.052846 0.828025
6 0.749815 0.613057 0.048780 0.703822
0 0.807280 0.613057 0.058019 0.748408
9 0.864006 0.613057 0.055432 0.773885
7 0.919993 0.619427 0.056541 0.761146
3 0.970251 0.613057 0.049150 0.773885
