22 0.033966 0.457680 0.052593 0.708464
27 0.085281 0.429467 0.052958 0.764890
17 0.146822 0.446708 0.056976 0.686520
27 0.203798 0.510972 0.054054 0.815047
30 0.265888 0.452978 0.048941 0.699060
5 0.323959 0.476489 0.054054 0.626959
8 0.386961 0.495298 0.055150 0.708464
9 0.447955 0.521944 0.050037 0.836991
0 0.502557 0.540752 0.054054 0.730408
20 0.560080 0.534483 0.052958 0.742947
25 0.615595 0.506270 0.055150 0.661442
0 0.676406 0.568966 0.060628 0.742947
6 0.738678 0.534483 0.063915 0.862069
0 0.796202 0.551724 0.056976 0.708464
9 0.857925 0.605016 0.045289 0.789969
7 0.909606 0.575235 0.058802 0.849530
3 0.967495 0.570533 0.053324 0.858934
