22 0.038551 0.471014 0.053200 0.826087
27 0.092328 0.452899 0.052043 0.760870
17 0.156130 0.463768 0.051658 0.811594
27 0.217232 0.503623 0.054356 0.811594
30 0.281611 0.447464 0.055898 0.750000
5 0.339437 0.463768 0.054356 0.811594
8 0.398034 0.483696 0.054356 0.822464
9 0.454510 0.547101 0.047803 0.847826
0 0.515035 0.528986 0.054742 0.811594
20 0.572089 0.514493 0.049345 0.811594
25 0.629337 0.496377 0.052043 0.876812
0 0.690247 0.554348 0.048959 0.891304
6 0.742290 0.509058 0.054356 0.822464
0 0.800887 0.489130 0.052043 0.913043
9 0.859291 0.528986 0.060139 0.913043
7 0.917695 0.528986 0.052043 0.942029
3 0.971473 0.528986 0.047803 0.942029
