22 0.030620 0.593066 0.051705 0.813869
27 0.087275 0.532847 0.060139 0.897810
17 0.150165 0.518248 0.057572 0.795620
27 0.211955 0.545620 0.055006 0.770073
30 0.273927 0.556569 0.053539 0.821168
5 0.331500 0.551095 0.061606 0.729927
8 0.395306 0.563869 0.055006 0.806569
9 0.449395 0.487226 0.040704 0.806569
0 0.509168 0.571168 0.057572 0.791971
20 0.564173 0.505474 0.047305 0.952555
25 0.621746 0.507299 0.052439 0.846715
0 0.685185 0.532847 0.056106 0.795620
6 0.742758 0.545620 0.050972 0.821168
0 0.797763 0.505474 0.059039 0.872263
9 0.856619 0.527372 0.053539 0.945255
7 0.916942 0.541971 0.048038 0.916058
2 0.962963 0.518248 0.053539 0.897810
