22 0.029571 0.445312 0.056257 0.684375
27 0.088532 0.457813 0.058781 0.753125
17 0.154526 0.462500 0.057339 0.693750
27 0.210602 0.468750 0.057699 0.731250
30 0.277497 0.464062 0.049405 0.740625
5 0.335557 0.493750 0.058781 0.706250
8 0.396863 0.573438 0.061666 0.821875
9 0.457086 0.526563 0.050847 0.753125
0 0.511900 0.510938 0.050847 0.740625
20 0.567977 0.479687 0.053372 0.753125
25 0.627840 0.539062 0.053372 0.753125
0 0.688785 0.550000 0.051929 0.775000
6 0.744320 0.560937 0.053372 0.821875
0 0.802921 0.521875 0.058781 0.718750
9 0.863145 0.503125 0.050847 0.868750
7 0.914533 0.521875 0.046881 0.787500
2 0.972232 0.540625 0.055536 0.825000
