22 0.030942 0.404362 0.052424 0.681208
27 0.088687 0.399329 0.057548 0.671141
17 0.151754 0.380872 0.063067 0.614094
27 0.213638 0.488255 0.055183 0.761745
30 0.273157 0.431208 0.051242 0.627517
5 0.335830 0.476510 0.047300 0.671141
8 0.394166 0.515101 0.059125 0.728188
9 0.449941 0.493289 0.044541 0.724832
0 0.510445 0.560403 0.060702 0.771812
20 0.568979 0.560403 0.056366 0.791946
25 0.623571 0.553691 0.055183 0.805369
0 0.682499 0.543624 0.057942 0.805369
6 0.744383 0.577181 0.057942 0.825503
0 0.805479 0.567114 0.054001 0.738255
9 0.860662 0.570470 0.054001 0.859060
7 0.915057 0.604027 0.046906 0.791946
4 0.964328 0.592282 0.056366 0.815436
