22 0.032051 0.520522 0.056333 0.720149
27 0.089744 0.496269 0.053613 0.850746
17 0.148796 0.522388 0.053613 0.850746
27 0.209596 0.496269 0.060218 0.850746
30 0.265152 0.438433 0.056333 0.839552
5 0.326923 0.514925 0.058664 0.761194
8 0.383061 0.514925 0.053613 0.761194
9 0.444056 0.522388 0.062937 0.873134
0 0.501748 0.483209 0.054779 0.772388
20 0.558664 0.470149 0.059052 0.902985
25 0.617910 0.535448 0.059441 0.929104
1 0.667832 0.470149 0.044289 0.902985
0 0.729409 0.475746 0.057887 0.809701
2 0.789627 0.496269 0.060218 0.873134
3 0.845960 0.509328 0.054779 0.794776
2 0.909091 0.483209 0.057498 0.772388
2 0.961927 0.483209 0.053613 0.929104
