22 0.031611 0.602349 0.055997 0.708054
27 0.086344 0.622483 0.053468 0.694631
17 0.151373 0.610738 0.052023 0.771812
27 0.210260 0.592282 0.054913 0.808725
30 0.272579 0.565436 0.058887 0.781879
5 0.330022 0.505034 0.053829 0.781879
8 0.390173 0.530201 0.045520 0.684564
9 0.450506 0.560403 0.053468 0.818792
0 0.500903 0.550336 0.047327 0.899329
20 0.560152 0.498322 0.055997 0.822148
25 0.618316 0.503356 0.057442 0.932886
1 0.674675 0.473154 0.041546 0.771812
0 0.732117 0.454698 0.060332 0.781879
2 0.794978 0.417785 0.044436 0.708054
3 0.855311 0.491611 0.049494 0.808725
2 0.908598 0.454698 0.054913 0.855705
2 0.964234 0.441275 0.048410 0.808725
