22 0.032147 0.618462 0.060661 0.763077
27 0.090628 0.584615 0.059208 0.695385
17 0.153287 0.563077 0.055212 0.670769
27 0.211769 0.607692 0.056665 0.716923
30 0.273701 0.544615 0.056302 0.683077
5 0.331638 0.512308 0.056665 0.661538
8 0.390120 0.544615 0.055212 0.750769
9 0.445332 0.510769 0.052307 0.750769
0 0.501635 0.510769 0.063204 0.800000
20 0.565020 0.470769 0.054849 0.787692
25 0.624773 0.493846 0.056665 0.809231
1 0.678533 0.466154 0.045768 0.821538
0 0.739375 0.432308 0.059208 0.729231
2 0.801126 0.470769 0.056302 0.787692
3 0.853614 0.447692 0.048674 0.673846
2 0.908100 0.420000 0.052307 0.729231
2 0.966582 0.476923 0.058845 0.800000
