22 0.037252 0.593310 0.055784 0.813380
27 0.091539 0.588028 0.052040 0.802817
17 0.151629 0.536972 0.059903 0.778169
27 0.213778 0.536972 0.056159 0.806338
30 0.273867 0.512324 0.058779 0.778169
5 0.334893 0.524648 0.060277 0.802817
8 0.390865 0.536972 0.049420 0.778169
9 0.444590 0.512324 0.046799 0.778169
0 0.503182 0.512324 0.057656 0.757042
20 0.558031 0.448944 0.055036 0.827465
25 0.616249 0.475352 0.056159 0.830986
1 0.676338 0.519366 0.034818 0.841549
0 0.734556 0.480634 0.049420 0.869718
2 0.797454 0.473592 0.062898 0.855634
3 0.850805 0.419014 0.052040 0.767606
2 0.908461 0.424296 0.057282 0.679577
2 0.961999 0.417254 0.052040 0.714789
