22 0.028260 0.500000 0.051348 0.769784
27 0.088290 0.507194 0.058367 0.834532
17 0.144440 0.494604 0.056890 0.809353
27 0.204470 0.500000 0.052826 0.848921
30 0.261175 0.474820 0.050240 0.769784
5 0.323051 0.474820 0.047654 0.769784
8 0.376431 0.473022 0.048762 0.744604
9 0.436092 0.510791 0.046177 0.899281
0 0.492058 0.539568 0.050240 0.899281
20 0.547285 0.562950 0.049871 0.874101
25 0.607314 0.512590 0.053934 0.974820
1 0.662357 0.550360 0.039897 0.899281
0 0.723679 0.550360 0.062061 0.899281
2 0.783894 0.537770 0.061322 0.924460
3 0.843554 0.544964 0.056520 0.910072
2 0.902290 0.525180 0.057998 0.949640
3 0.964352 0.492806 0.049871 0.913669
