22 0.032690 0.487461 0.055377 0.742947
27 0.088782 0.482759 0.048946 0.802508
17 0.154341 0.470219 0.060736 0.733542
27 0.213826 0.470219 0.058235 0.733542
30 0.271347 0.435737 0.048946 0.733542
5 0.330475 0.435737 0.055734 0.777429
8 0.389246 0.470219 0.053948 0.708464
9 0.447481 0.452978 0.046088 0.768025
0 0.502501 0.459248 0.058235 0.730408
20 0.560021 0.459248 0.051804 0.730408
25 0.618257 0.459248 0.056806 0.755486
1 0.674527 0.418495 0.037156 0.742947
0 0.737406 0.476489 0.054305 0.764890
2 0.798142 0.459248 0.057163 0.849530
3 0.858342 0.487461 0.058235 0.905956
2 0.909968 0.459248 0.047874 0.780564
3 0.964094 0.442006 0.058235 0.764890
