22 0.030918 0.648571 0.048664 0.702857
27 0.084888 0.632857 0.054153 0.734286
17 0.150018 0.617143 0.051226 0.765714
27 0.207830 0.572857 0.063666 0.700000
30 0.269484 0.550000 0.051592 0.677143
5 0.328394 0.534286 0.050128 0.645714
8 0.388584 0.540000 0.054153 0.657143
9 0.448225 0.535714 0.043176 0.728571
0 0.501098 0.461429 0.054519 0.580000
20 0.560190 0.444286 0.063666 0.677143
25 0.621661 0.434286 0.054153 0.657143
1 0.673985 0.477143 0.044640 0.742857
0 0.736187 0.397143 0.055617 0.622857
2 0.799122 0.430000 0.054153 0.665714
3 0.851445 0.371429 0.055617 0.611429
2 0.907062 0.387143 0.063666 0.625714
2 0.970728 0.378571 0.058544 0.648571
