22 0.031430 0.579027 0.052721 0.841945
27 0.088881 0.559271 0.051369 0.802432
17 0.153092 0.474164 0.052721 0.680851
27 0.207165 0.504559 0.058128 0.814590
30 0.273403 0.528875 0.052721 0.790274
5 0.332207 0.492401 0.059480 0.765957
8 0.393038 0.504559 0.059480 0.717325
9 0.447786 0.504559 0.050017 0.814590
0 0.509294 0.553191 0.051369 0.838906
20 0.561338 0.486322 0.047313 0.826748
25 0.618790 0.534954 0.062183 0.875380
1 0.672525 0.566869 0.034471 0.866261
0 0.733694 0.534954 0.059480 0.826748
2 0.790470 0.504559 0.054072 0.838906
3 0.846570 0.486322 0.060831 0.778116
2 0.908753 0.522796 0.063535 0.875380
3 0.965698 0.524316 0.042244 0.951368
