22 0.034129 0.698138 0.057068 0.603723
27 0.088959 0.651596 0.054830 0.627660
17 0.150317 0.642287 0.054457 0.646277
27 0.208877 0.622340 0.057441 0.627660
30 0.274151 0.598404 0.049235 0.617021
5 0.326744 0.557181 0.050727 0.646277
8 0.389966 0.533245 0.065274 0.539894
9 0.452070 0.551862 0.055949 0.635638
0 0.507833 0.537234 0.048116 0.590426
20 0.559866 0.476064 0.052965 0.617021
25 0.615815 0.452128 0.055949 0.606383
1 0.679038 0.500000 0.038419 0.664894
0 0.740955 0.456117 0.053338 0.561170
2 0.797650 0.437500 0.051846 0.656915
3 0.856956 0.404255 0.053338 0.664894
2 0.912719 0.390957 0.055949 0.654255
2 0.969601 0.400266 0.051846 0.731383
