22 0.031738 0.588028 0.056383 0.781690
27 0.082979 0.559859 0.051064 0.880282
17 0.147340 0.589789 0.059220 0.806338
27 0.206383 0.563380 0.056738 0.809859
30 0.270745 0.531690 0.062057 0.873239
5 0.329965 0.498239 0.048582 0.834507
8 0.385638 0.536972 0.054965 0.911972
9 0.446631 0.471831 0.056383 0.887324
0 0.503191 0.510563 0.056738 0.809859
20 0.557447 0.540493 0.051773 0.919014
25 0.621986 0.464789 0.055319 0.823944
1 0.678014 0.526408 0.043262 0.947183
0 0.734220 0.514085 0.042908 0.971831
2 0.796099 0.505282 0.058865 0.848592
3 0.854433 0.505282 0.050000 0.820423
2 0.909043 0.491197 0.053546 0.876761
4 0.962766 0.505282 0.061702 0.820423
