22 0.035336 0.658163 0.052899 0.615646
27 0.094795 0.620748 0.060093 0.758503
17 0.157215 0.588435 0.055438 0.666667
27 0.215404 0.573129 0.058400 0.595238
30 0.279518 0.520408 0.054592 0.680272
5 0.330300 0.530612 0.050360 0.639456
8 0.394625 0.498299 0.057131 0.636054
9 0.453237 0.508503 0.042319 0.636054
0 0.512907 0.472789 0.049937 0.585034
20 0.568557 0.460884 0.057977 0.731293
25 0.624841 0.396259 0.062209 0.670068
1 0.686839 0.440476 0.040626 0.690476
0 0.747143 0.380952 0.055438 0.530612
2 0.805755 0.391156 0.049090 0.680272
3 0.861405 0.413265 0.062209 0.704082
2 0.914304 0.360544 0.046128 0.639456
2 0.966568 0.380952 0.060939 0.721088
