22 0.034821 0.530864 0.056795 0.753086
27 0.097701 0.500000 0.056795 0.753086
17 0.155849 0.481481 0.052738 0.703704
27 0.215348 0.506173 0.052738 0.703704
30 0.274848 0.506173 0.058147 0.753086
5 0.336376 0.543210 0.059500 0.777778
8 0.394523 0.481481 0.051386 0.777778
9 0.446586 0.487654 0.050034 0.790123
0 0.505409 0.518519 0.062204 0.728395
20 0.568966 0.493827 0.056795 0.753086
25 0.620352 0.432099 0.051386 0.679012
1 0.677823 0.469136 0.041920 0.827160
0 0.737323 0.506173 0.052738 0.777778
2 0.795470 0.518519 0.060852 0.827160
3 0.852941 0.481481 0.054091 0.728395
2 0.911089 0.456790 0.054091 0.703704
3 0.964503 0.475309 0.058147 0.814815
