22 0.036304 0.603741 0.055006 0.792517
27 0.092593 0.566327 0.049505 0.840136
17 0.159333 0.561224 0.065640 0.850340
27 0.215988 0.573129 0.055739 0.853741
30 0.283828 0.523810 0.055006 0.755102
5 0.343968 0.500000 0.055006 0.727891
8 0.400440 0.573129 0.046938 0.778912
9 0.464063 0.561224 0.056839 0.877551
0 0.520169 0.498299 0.050972 0.656463
20 0.570040 0.511905 0.056106 0.826531
25 0.630913 0.561224 0.049505 0.877551
1 0.687935 0.554422 0.035204 0.884354
0 0.744224 0.469388 0.059039 0.816327
2 0.805097 0.469388 0.047305 0.816327
3 0.858819 0.467687 0.049872 0.765306
2 0.918409 0.469388 0.050972 0.789116
2 0.968097 0.462585 0.051338 0.727891
