22 0.026399 0.494792 0.048601 0.788194
27 0.077448 0.467014 0.053497 0.732639
17 0.140559 0.460069 0.053846 0.774306
27 0.196503 0.493056 0.058042 0.868056
30 0.252273 0.479167 0.051399 0.868056
5 0.310140 0.465278 0.048252 0.708333
8 0.367832 0.539931 0.051049 0.878472
9 0.424650 0.550347 0.051399 0.899306
0 0.480245 0.493056 0.044406 0.763889
20 0.536014 0.506944 0.051049 0.840278
25 0.596503 0.526042 0.048252 0.829861
1 0.655769 0.520833 0.043007 0.868056
0 0.714860 0.493056 0.061888 0.868056
2 0.776224 0.515625 0.050350 0.968750
3 0.831818 0.527778 0.051049 0.854167
2 0.895105 0.500000 0.061538 0.909722
3 0.955420 0.522569 0.053497 0.954861
