22 0.035119 0.626140 0.063852 0.747720
27 0.093118 0.620061 0.051437 0.759878
17 0.154133 0.609422 0.054984 0.781155
27 0.215325 0.560790 0.056758 0.708207
30 0.273679 0.566869 0.050018 0.787234
5 0.336112 0.556231 0.051437 0.699088
8 0.394643 0.533435 0.052856 0.787234
9 0.453707 0.550152 0.055339 0.778116
0 0.507627 0.471125 0.052501 0.753799
20 0.562788 0.454407 0.054984 0.720365
25 0.616176 0.493921 0.053920 0.732523
1 0.675772 0.500000 0.044697 0.854103
0 0.740866 0.460486 0.051437 0.708207
2 0.798687 0.493921 0.048599 0.799392
3 0.857928 0.431611 0.048599 0.699088
2 0.912203 0.493921 0.047180 0.756839
4 0.966300 0.398176 0.052501 0.674772
