22 0.032136 0.579288 0.055198 0.737864
27 0.086578 0.590615 0.056711 0.715210
17 0.144045 0.550162 0.055198 0.679612
27 0.200189 0.567961 0.051040 0.741100
30 0.260302 0.566343 0.057845 0.763754
5 0.321739 0.538835 0.051418 0.682848
8 0.379206 0.525890 0.049905 0.682848
9 0.437240 0.561489 0.052552 0.818770
0 0.498488 0.503236 0.054064 0.728155
20 0.555955 0.491909 0.047259 0.750809
25 0.610775 0.521036 0.059357 0.834951
1 0.665406 0.503236 0.039319 0.818770
0 0.726843 0.491909 0.059357 0.822006
2 0.787524 0.487055 0.053686 0.786408
3 0.843478 0.508091 0.055198 0.809061
2 0.905671 0.509709 0.052552 0.786408
5 0.956900 0.393204 0.055198 0.624595
