22 0.027194 0.670588 0.053638 0.658824
27 0.087209 0.641176 0.053638 0.641176
17 0.150225 0.641176 0.058890 0.705882
27 0.206302 0.620588 0.051013 0.617647
30 0.266692 0.567647 0.051013 0.705882
5 0.326894 0.536765 0.061890 0.597059
8 0.388597 0.551471 0.061515 0.673529
9 0.448237 0.551471 0.063016 0.673529
0 0.505064 0.526471 0.050638 0.723529
20 0.560015 0.510294 0.051013 0.691176
25 0.616842 0.504412 0.052138 0.661765
1 0.680608 0.472059 0.045386 0.661765
0 0.737434 0.436765 0.054764 0.567647
2 0.797824 0.420588 0.054764 0.617647
3 0.857277 0.410294 0.058890 0.597059
2 0.911665 0.410294 0.057389 0.638235
5 0.966617 0.363235 0.057764 0.673529
