22 0.032511 0.579288 0.050822 0.718447
27 0.084641 0.572816 0.061659 0.705502
17 0.148729 0.561489 0.056054 0.682848
27 0.210202 0.548544 0.063901 0.728155
30 0.266816 0.543689 0.054559 0.718447
5 0.321562 0.527508 0.049701 0.750809
8 0.382287 0.509709 0.056054 0.669903
9 0.447123 0.590615 0.051943 0.786408
0 0.502990 0.469256 0.054559 0.705502
20 0.557175 0.475728 0.047833 0.763754
25 0.615845 0.469256 0.064275 0.705502
1 0.675075 0.493528 0.046712 0.889968
0 0.735800 0.440129 0.056054 0.737864
2 0.795404 0.444984 0.046712 0.728155
3 0.850149 0.428803 0.044096 0.760518
2 0.906951 0.383495 0.056054 0.624595
5 0.957399 0.388350 0.061286 0.679612
