22 0.029500 0.655738 0.046975 0.584699
27 0.087185 0.636612 0.054867 0.622951
17 0.149004 0.596995 0.060504 0.565574
27 0.210823 0.577869 0.049605 0.625683
30 0.269635 0.543716 0.052236 0.655738
5 0.332770 0.524590 0.057497 0.595628
8 0.389891 0.513661 0.050733 0.633880
9 0.444194 0.500000 0.049605 0.622951
0 0.504697 0.484973 0.054867 0.554645
20 0.559564 0.480874 0.057873 0.683060
25 0.618001 0.426230 0.053739 0.672131
1 0.679068 0.392077 0.044344 0.565574
0 0.738820 0.367486 0.053363 0.538251
2 0.795753 0.344262 0.060504 0.644809
2 0.856257 0.338798 0.049981 0.497268
2 0.908681 0.329235 0.054867 0.653005
5 0.968245 0.318306 0.053739 0.576503
