22 0.030057 0.589820 0.054064 0.610778
27 0.088658 0.589820 0.052552 0.736527
17 0.154820 0.525449 0.052552 0.631737
27 0.212287 0.574850 0.059357 0.706587
30 0.272968 0.541916 0.062004 0.706587
5 0.325709 0.531437 0.051040 0.661677
8 0.387902 0.562874 0.051418 0.706587
9 0.448582 0.547904 0.054064 0.778443
0 0.501323 0.537425 0.048393 0.715569
20 0.563516 0.489521 0.054064 0.685629
25 0.620227 0.500000 0.054064 0.814371
1 0.679584 0.431138 0.048771 0.652695
0 0.734972 0.452096 0.056711 0.736527
2 0.803025 0.483533 0.052930 0.757485
2 0.859735 0.408683 0.060491 0.715569
2 0.919093 0.434132 0.044612 0.748503
5 0.970510 0.452096 0.052930 0.802395
