22 0.033786 0.471212 0.053640 0.778788
27 0.090735 0.481818 0.057471 0.781818
17 0.150296 0.465152 0.064437 0.700000
27 0.210554 0.465152 0.045629 0.700000
30 0.270812 0.489394 0.056078 0.815152
5 0.333856 0.446970 0.048415 0.639394
8 0.389934 0.453030 0.058865 0.815152
9 0.448276 0.465152 0.052247 0.790909
0 0.505921 0.534848 0.054685 0.700000
20 0.566179 0.512121 0.057471 0.721212
25 0.619819 0.487879 0.057471 0.745455
1 0.678858 0.553030 0.036224 0.827273
0 0.738245 0.500000 0.058865 0.793939
2 0.800070 0.575758 0.056426 0.806061
3 0.854406 0.540909 0.052247 0.875758
2 0.907872 0.534848 0.057471 0.839394
7 0.966388 0.563636 0.056775 0.872727
