22 0.032563 0.572816 0.051120 0.796117
27 0.091562 0.561489 0.059174 0.747573
17 0.154412 0.566343 0.055322 0.809061
27 0.210084 0.548544 0.053922 0.747573
30 0.270833 0.487055 0.059174 0.721683
5 0.331408 0.503236 0.061975 0.734628
8 0.394783 0.522654 0.061975 0.773463
9 0.452556 0.559871 0.045868 0.847896
0 0.509104 0.542071 0.053922 0.734628
20 0.564951 0.529126 0.057773 0.857605
25 0.621674 0.504854 0.057773 0.809061
1 0.681548 0.467638 0.053571 0.682848
0 0.744048 0.478964 0.055322 0.834951
2 0.802696 0.504854 0.056373 0.906149
3 0.863270 0.529126 0.061975 0.857605
2 0.912640 0.487055 0.044468 0.896440
6 0.965861 0.530744 0.059874 0.938511
