22 0.033008 0.602076 0.049512 0.754325
27 0.094524 0.589965 0.060015 0.778547
17 0.148725 0.553633 0.050638 0.878893
27 0.207802 0.607266 0.054014 0.785467
30 0.269317 0.534602 0.061515 0.792388
5 0.326519 0.557093 0.042386 0.885813
8 0.383721 0.541522 0.044261 0.730104
9 0.442236 0.565744 0.051013 0.750865
0 0.499625 0.522491 0.051013 0.788927
20 0.557389 0.544983 0.051013 0.910035
25 0.617592 0.572664 0.058890 0.840830
1 0.675169 0.534602 0.048012 0.840830
0 0.741373 0.565744 0.065641 0.806228
2 0.791073 0.510381 0.054764 0.813149
3 0.854651 0.503460 0.048387 0.778547
2 0.911103 0.529412 0.056264 0.878893
7 0.968680 0.465398 0.053638 0.778547
