22 0.029933 0.610544 0.050259 0.778912
27 0.087953 0.598639 0.055432 0.802721
17 0.150222 0.615646 0.058758 0.768707
27 0.207502 0.579932 0.046194 0.765306
30 0.268108 0.554422 0.051367 0.714286
5 0.327421 0.523810 0.056911 0.727891
8 0.389505 0.540816 0.056911 0.741497
9 0.447524 0.523810 0.056911 0.877551
0 0.500370 0.462585 0.062084 0.632653
20 0.560421 0.511905 0.052846 0.778912
25 0.617886 0.530612 0.059128 0.836735
1 0.674612 0.530612 0.043237 0.863946
0 0.734664 0.493197 0.050259 0.816327
2 0.796009 0.445578 0.053954 0.884354
3 0.852180 0.421769 0.047302 0.789116
2 0.906319 0.469388 0.052846 0.816327
6 0.966186 0.408163 0.059497 0.741497
