22 0.034004 0.476812 0.050659 0.623188
27 0.094032 0.453623 0.056211 0.692754
17 0.158223 0.455072 0.050659 0.736232
27 0.212873 0.471014 0.055864 0.611594
30 0.275677 0.492754 0.061416 0.724638
5 0.336919 0.420290 0.056211 0.602899
8 0.389660 0.465217 0.052047 0.779710
9 0.448300 0.469565 0.046495 0.724638
0 0.510409 0.447826 0.050659 0.791304
20 0.564365 0.492754 0.044067 0.811594
25 0.625260 0.486957 0.047883 0.846377
1 0.680430 0.515942 0.033310 0.724638
0 0.735947 0.504348 0.058987 0.834783
2 0.798577 0.508696 0.064192 0.779710
3 0.853921 0.582609 0.043720 0.834783
2 0.909438 0.475362 0.063845 0.846377
7 0.968772 0.546377 0.062457 0.785507
