22 0.034201 0.528674 0.060630 0.756272
27 0.092499 0.523297 0.059075 0.817204
17 0.155461 0.516129 0.061407 0.702509
27 0.215702 0.566308 0.059075 0.681004
30 0.284104 0.553763 0.059075 0.827957
5 0.337155 0.503584 0.054800 0.777778
8 0.398368 0.564516 0.041197 0.870968
9 0.455111 0.566308 0.049747 0.853047
0 0.511271 0.555556 0.043918 0.853047
20 0.569569 0.491039 0.056354 0.681004
25 0.628449 0.498208 0.053634 0.817204
1 0.682860 0.528674 0.044306 0.878136
0 0.744462 0.510753 0.049359 0.842294
2 0.798873 0.523297 0.061796 0.838710
3 0.861057 0.510753 0.047027 0.813620
2 0.912748 0.492832 0.056354 0.827957
6 0.969685 0.435484 0.049747 0.792115
