22 0.037300 0.498355 0.053996 0.680921
27 0.091829 0.442434 0.060746 0.720395
17 0.158970 0.485197 0.055062 0.779605
27 0.213677 0.498355 0.056483 0.707237
30 0.275488 0.486842 0.056483 0.730263
5 0.331439 0.485197 0.052575 0.805921
8 0.393783 0.516447 0.056483 0.743421
9 0.450266 0.527961 0.048668 0.792763
0 0.502309 0.462171 0.055417 0.805921
20 0.558970 0.467105 0.055062 0.815789
25 0.618828 0.523026 0.056838 0.901316
1 0.678153 0.560855 0.035524 0.878289
0 0.737123 0.486842 0.061812 0.828947
2 0.793961 0.480263 0.053996 0.914474
3 0.851155 0.523026 0.052575 0.756579
2 0.909591 0.523026 0.048668 0.802632
6 0.961634 0.491776 0.060391 0.911184
