22 0.036106 0.566148 0.059544 0.743191
27 0.093539 0.540856 0.057855 0.692607
17 0.157517 0.494163 0.056588 0.817121
27 0.213471 0.494163 0.057855 0.715953
30 0.281461 0.486381 0.059544 0.754864
5 0.338260 0.431907 0.056588 0.715953
8 0.396959 0.519455 0.058277 0.789883
9 0.456926 0.517510 0.048986 0.817121
0 0.512458 0.511673 0.043497 0.727626
20 0.562500 0.500000 0.054054 0.805447
25 0.630068 0.470817 0.051520 0.863813
1 0.682010 0.529183 0.042230 0.887160
0 0.742188 0.579767 0.043497 0.840467
2 0.801520 0.540856 0.059122 0.887160
3 0.865498 0.540856 0.057855 0.887160
2 0.913640 0.500000 0.051098 0.828794
6 0.971073 0.480545 0.057855 0.813230
