22 0.035195 0.614841 0.055088 0.770318
27 0.093535 0.577739 0.055471 0.795053
17 0.156656 0.577739 0.063122 0.795053
27 0.219396 0.607774 0.053940 0.756184
30 0.272188 0.485866 0.053940 0.752650
5 0.334162 0.528269 0.066947 0.745583
8 0.392884 0.553004 0.045142 0.795053
9 0.448164 0.572438 0.055471 0.855124
0 0.508416 0.503534 0.061974 0.766784
20 0.565800 0.492933 0.052793 0.717314
25 0.619166 0.505300 0.051645 0.671378
1 0.680375 0.498233 0.039403 0.805654
0 0.738523 0.480565 0.055471 0.939929
2 0.800497 0.485866 0.060826 0.879859
3 0.862471 0.443463 0.057766 0.766784
2 0.913160 0.450530 0.056618 0.632509
6 0.969396 0.436396 0.058148 0.731449
