22 0.037311 0.613487 0.052271 0.766447
27 0.097873 0.583882 0.060923 0.832237
17 0.159517 0.582237 0.058760 0.730263
27 0.216835 0.570724 0.058760 0.779605
30 0.278298 0.498355 0.056236 0.707237
5 0.334355 0.559211 0.055876 0.703947
8 0.392394 0.565789 0.052271 0.815789
9 0.452596 0.516447 0.060202 0.789474
0 0.510634 0.546053 0.047945 0.802632
20 0.566150 0.503289 0.057318 0.815789
25 0.624009 0.552632 0.061283 0.789474
1 0.679524 0.527961 0.046864 0.838816
0 0.741528 0.485197 0.053353 0.805921
2 0.793619 0.534539 0.055876 0.878289
3 0.858508 0.527961 0.060202 0.792763
2 0.911319 0.455592 0.045422 0.694079
6 0.962509 0.491776 0.059841 0.819079
