22 0.034745 0.654286 0.053565 0.691429
27 0.090119 0.641429 0.062975 0.688571
17 0.153275 0.582857 0.052479 0.611429
27 0.208831 0.555714 0.064423 0.688571
30 0.277959 0.545714 0.060080 0.560000
5 0.337676 0.550000 0.053565 0.677143
8 0.396489 0.540000 0.056098 0.697143
9 0.454216 0.567143 0.050670 0.791429
0 0.511763 0.524286 0.053565 0.625714
20 0.564061 0.461429 0.061889 0.711429
25 0.631922 0.465714 0.062975 0.720000
1 0.689468 0.477143 0.039088 0.760000
0 0.749910 0.435714 0.062975 0.762857
2 0.804741 0.351429 0.060442 0.697143
3 0.865002 0.434286 0.052117 0.805714
2 0.920738 0.408571 0.064423 0.708571
7 0.975027 0.377143 0.049946 0.668571
