22 0.033236 0.492674 0.048941 0.772894
27 0.086012 0.467033 0.059533 0.772894
17 0.149562 0.514652 0.056611 0.787546
27 0.205807 0.500000 0.050037 0.787546
30 0.266618 0.494505 0.052593 0.827839
5 0.320672 0.505495 0.052593 0.827839
8 0.380387 0.520147 0.050037 0.776557
9 0.440285 0.540293 0.051497 0.838828
0 0.497991 0.498168 0.050037 0.923077
20 0.550767 0.534799 0.047480 0.908425
25 0.606830 0.514652 0.059533 0.868132
1 0.668919 0.553114 0.040541 0.813187
0 0.729364 0.553114 0.053324 0.893773
2 0.792184 0.487179 0.056976 0.923077
3 0.844960 0.465201 0.051497 0.827839
2 0.901023 0.512821 0.058437 0.813187
8 0.959277 0.553114 0.052958 0.893773
