22 0.034259 0.567187 0.059863 0.809375
27 0.097007 0.592187 0.056978 0.815625
17 0.163181 0.532813 0.055896 0.671875
27 0.223224 0.568750 0.053372 0.787500
30 0.285431 0.481250 0.060224 0.706250
5 0.348179 0.532813 0.054454 0.765625
8 0.413631 0.550000 0.059863 0.681250
9 0.468987 0.551562 0.042914 0.821875
0 0.528489 0.515625 0.052290 0.706250
20 0.579877 0.493750 0.050487 0.706250
25 0.636675 0.521875 0.046520 0.787500
1 0.692752 0.487500 0.043996 0.693750
0 0.752795 0.510938 0.049405 0.671875
2 0.811576 0.470313 0.049405 0.753125
3 0.864407 0.509375 0.050487 0.812500
2 0.919942 0.462500 0.054814 0.693750
7 0.971331 0.470313 0.047962 0.753125
