22 0.036507 0.574841 0.054402 0.697452
27 0.095562 0.544586 0.063708 0.802548
17 0.161954 0.480892 0.047602 0.789809
27 0.224767 0.528662 0.062276 0.624204
30 0.284538 0.504777 0.054402 0.697452
5 0.347351 0.509554 0.058339 0.732484
8 0.407122 0.522293 0.055476 0.777070
9 0.468146 0.503185 0.050107 0.815287
0 0.522548 0.487261 0.052971 0.732484
20 0.582140 0.480892 0.050465 0.789809
25 0.637079 0.514331 0.054402 0.837580
1 0.698819 0.479299 0.047602 0.767516
0 0.756979 0.450637 0.045097 0.710191
2 0.810845 0.509554 0.046170 0.828025
3 0.863099 0.487261 0.055476 0.707006
2 0.919470 0.492038 0.062276 0.742038
7 0.972441 0.457006 0.046528 0.812102
