22 0.031119 0.444444 0.050019 0.526984
27 0.087820 0.547619 0.042001 0.669841
17 0.148912 0.536508 0.056510 0.692063
27 0.204849 0.542857 0.055365 0.634921
30 0.264796 0.531746 0.051546 0.701587
5 0.319588 0.503175 0.052692 0.777778
8 0.378771 0.569841 0.050401 0.777778
9 0.439481 0.553968 0.047346 0.657143
0 0.493318 0.526984 0.047346 0.711111
20 0.550019 0.515873 0.050019 0.777778
25 0.613020 0.596825 0.060710 0.787302
1 0.667048 0.547619 0.042001 0.688889
0 0.731004 0.552381 0.056892 0.787302
2 0.792860 0.592063 0.059183 0.688889
3 0.855479 0.601587 0.050019 0.777778
2 0.913898 0.592063 0.059183 0.777778
8 0.969836 0.585714 0.058037 0.809524
