22 0.039060 0.457929 0.057618 0.805825
27 0.092612 0.435275 0.052315 0.851133
17 0.155532 0.464401 0.052315 0.695793
27 0.215624 0.456311 0.049487 0.731392
30 0.279781 0.420712 0.062566 0.802589
5 0.336868 0.404531 0.053729 0.744337
8 0.394309 0.404531 0.056204 0.789644
9 0.456522 0.409385 0.047013 0.708738
0 0.512195 0.422330 0.050901 0.682848
20 0.569636 0.488673 0.048427 0.815534
25 0.626900 0.444984 0.057618 0.754045
1 0.687522 0.480583 0.045953 0.851133
0 0.743372 0.440129 0.052315 0.673139
2 0.807352 0.535599 0.055143 0.838188
3 0.856486 0.433657 0.058678 0.705502
2 0.917462 0.482201 0.054790 0.828479
7 0.972428 0.448220 0.055143 0.786408
