22 0.035600 0.513308 0.047704 0.844106
27 0.093806 0.507605 0.058028 0.885932
17 0.155749 0.500000 0.058028 0.847909
27 0.214311 0.450570 0.051264 0.718631
30 0.274297 0.528517 0.053044 0.844106
5 0.334817 0.429658 0.050196 0.730038
8 0.393734 0.545627 0.051976 0.908745
9 0.450338 0.526616 0.054112 0.817490
0 0.509790 0.505703 0.054112 0.745247
20 0.566394 0.528517 0.054112 0.927757
25 0.622998 0.492395 0.054112 0.946768
1 0.678355 0.541825 0.038092 0.901141
0 0.737095 0.471483 0.053044 0.730038
2 0.798327 0.526616 0.064436 0.901141
3 0.856355 0.463878 0.048772 0.692015
2 0.914382 0.528517 0.048772 0.844106
8 0.965824 0.526616 0.054112 0.901141
