22 0.033124 0.528912 0.052924 0.765306
27 0.089378 0.481293 0.056625 0.792517
17 0.155440 0.493197 0.054034 0.741497
27 0.210955 0.505102 0.054034 0.717687
30 0.274981 0.500000 0.060696 0.727891
5 0.333087 0.500000 0.050333 0.775510
8 0.392672 0.518707 0.055514 0.812925
9 0.444115 0.505102 0.050333 0.812925
0 0.504256 0.535714 0.046262 0.874150
20 0.559215 0.523810 0.045152 0.877551
25 0.616025 0.469388 0.047742 0.789116
1 0.675611 0.554422 0.039600 0.836735
0 0.739637 0.500000 0.061806 0.945578
2 0.796632 0.517007 0.046262 0.836735
3 0.854737 0.510204 0.046262 0.850340
2 0.913397 0.523810 0.045152 0.897959
8 0.961140 0.500000 0.055514 0.925170
