22 0.031363 0.517361 0.048223 0.812500
27 0.088289 0.503472 0.049674 0.784722
17 0.149384 0.479167 0.056563 0.708333
27 0.212473 0.517361 0.056563 0.812500
30 0.270848 0.472222 0.055112 0.743056
5 0.332669 0.498264 0.057650 0.746528
8 0.391044 0.503472 0.048223 0.784722
9 0.446882 0.484375 0.049674 0.746528
0 0.502719 0.484375 0.051124 0.822917
20 0.562364 0.498264 0.058013 0.899306
25 0.617476 0.486111 0.055112 0.770833
1 0.679115 0.512153 0.044235 0.822917
0 0.738941 0.484375 0.053662 0.822917
2 0.796048 0.484375 0.052574 0.899306
3 0.849710 0.536458 0.052574 0.850694
2 0.910261 0.517361 0.057650 0.861111
8 0.967186 0.505208 0.059101 0.836806
