22 0.038635 0.487461 0.053015 0.699060
27 0.091996 0.468652 0.055787 0.805643
17 0.157138 0.449843 0.064103 0.699060
27 0.217082 0.485893 0.058559 0.796238
30 0.279279 0.449843 0.054747 0.724138
5 0.335759 0.487461 0.063756 0.724138
8 0.398302 0.528213 0.061331 0.761755
9 0.457034 0.504702 0.053361 0.808777
0 0.514380 0.510972 0.058559 0.771160
20 0.567568 0.456113 0.050589 0.880878
25 0.622315 0.479624 0.058905 0.808777
1 0.681566 0.517241 0.038808 0.902821
0 0.743590 0.528213 0.047817 0.830721
2 0.799896 0.526646 0.050936 0.946708
3 0.862266 0.553292 0.055787 0.830721
2 0.914241 0.515674 0.055787 0.855799
8 0.971587 0.510972 0.050589 0.890282
