22 0.029067 0.467066 0.051112 0.640719
27 0.090129 0.492515 0.063207 0.691617
17 0.153531 0.450599 0.049551 0.649701
27 0.212641 0.465569 0.055404 0.661677
30 0.274678 0.419162 0.057745 0.628743
5 0.333008 0.465569 0.051112 0.721557
8 0.394265 0.471557 0.052673 0.607784
9 0.455326 0.470060 0.053843 0.670659
0 0.514046 0.486527 0.060476 0.679641
20 0.567109 0.450599 0.051112 0.733533
25 0.629146 0.471557 0.056574 0.775449
1 0.689622 0.507485 0.040187 0.763473
0 0.750878 0.532934 0.052673 0.712575
2 0.805306 0.455090 0.059306 0.700599
3 0.866563 0.497006 0.052282 0.724551
3 0.921576 0.476048 0.057745 0.682635
1 0.980101 0.485030 0.039797 0.700599
