22 0.034271 0.562310 0.057996 0.711246
27 0.093673 0.568389 0.055185 0.796353
17 0.153779 0.533435 0.048858 0.793313
27 0.211951 0.556231 0.051318 0.772036
30 0.274868 0.537994 0.047100 0.759878
5 0.334974 0.510638 0.045694 0.723404
8 0.395958 0.521277 0.062214 0.726444
9 0.451142 0.469605 0.046046 0.689970
0 0.508612 0.446809 0.055536 0.759878
20 0.565554 0.480243 0.049912 0.759878
25 0.629701 0.446809 0.056591 0.735562
1 0.689807 0.504559 0.047452 0.784195
0 0.744464 0.452888 0.051318 0.747720
2 0.800000 0.463526 0.054130 0.793313
3 0.856239 0.481763 0.052724 0.689970
2 0.913005 0.440729 0.057996 0.723404
9 0.971002 0.486322 0.044640 0.772036
