22 0.031479 0.632836 0.052709 0.686567
27 0.087116 0.600000 0.055637 0.662687
17 0.148792 0.565672 0.056735 0.641791
27 0.207174 0.567164 0.057101 0.662687
30 0.271413 0.565672 0.050146 0.683582
5 0.331808 0.565672 0.056735 0.641791
8 0.388726 0.555224 0.049048 0.686567
9 0.449671 0.555224 0.048682 0.728358
0 0.506772 0.522388 0.048682 0.752239
20 0.562225 0.477612 0.054173 0.710448
25 0.622621 0.488060 0.055637 0.773134
1 0.678990 0.444776 0.038067 0.662687
0 0.740483 0.438806 0.055637 0.650746
2 0.798865 0.438806 0.053075 0.740299
3 0.853221 0.400000 0.055637 0.638806
3 0.914714 0.422388 0.054173 0.683582
0 0.971633 0.379104 0.043558 0.662687
