22 0.037496 0.566343 0.057104 0.757282
27 0.093739 0.566343 0.055384 0.757282
17 0.159099 0.548544 0.059512 0.747573
27 0.215514 0.555016 0.055384 0.708738
30 0.275542 0.522654 0.051600 0.773463
5 0.331269 0.461165 0.048848 0.773463
8 0.392157 0.474110 0.051600 0.721683
9 0.449604 0.480583 0.039904 0.857605
0 0.509804 0.516181 0.061920 0.760518
20 0.566735 0.511327 0.049192 0.822006
25 0.623667 0.491909 0.048848 0.834951
1 0.679911 0.503236 0.047816 0.883495
0 0.743378 0.454693 0.052976 0.760518
2 0.800998 0.466019 0.056760 0.809061
3 0.857069 0.466019 0.047816 0.809061
3 0.908669 0.443366 0.042312 0.783172
0 0.964912 0.411003 0.051600 0.673139
