22 0.035296 0.598662 0.056403 0.769231
27 0.090458 0.525084 0.051082 0.668896
17 0.154310 0.543478 0.060305 0.732441
27 0.211955 0.568562 0.050018 0.729097
30 0.274565 0.536789 0.053920 0.866221
5 0.331501 0.523411 0.047180 0.719064
8 0.390032 0.543478 0.051437 0.779264
9 0.445371 0.525084 0.048599 0.742475
0 0.506385 0.511706 0.057822 0.816054
20 0.564207 0.518395 0.054984 0.782609
25 0.623271 0.500000 0.049663 0.792642
1 0.682334 0.505017 0.039376 0.755853
0 0.738205 0.443144 0.056758 0.806020
2 0.802412 0.538462 0.053210 0.923077
3 0.857751 0.493311 0.051082 0.832776
3 0.911493 0.449833 0.048599 0.765886
0 0.972508 0.481605 0.054984 0.856187
