22 0.031054 0.593851 0.050244 0.812298
27 0.087579 0.593851 0.050942 0.812298
17 0.155443 0.542071 0.057572 0.760518
27 0.213887 0.555016 0.053733 0.760518
30 0.278262 0.522654 0.056176 0.721683
5 0.336706 0.491909 0.052338 0.711974
8 0.396371 0.535599 0.050942 0.870550
9 0.454117 0.498382 0.048500 0.744337
0 0.513782 0.491909 0.054780 0.809061
20 0.567341 0.435275 0.052338 0.721683
25 0.627181 0.461165 0.056176 0.818770
1 0.688939 0.461165 0.042917 0.799353
0 0.746685 0.485437 0.059316 0.822006
2 0.803036 0.454693 0.048500 0.831715
3 0.855373 0.430421 0.051291 0.783172
3 0.915038 0.461165 0.049895 0.799353
0 0.967376 0.411003 0.047104 0.770227
