22 0.030059 0.535599 0.052429 0.721683
27 0.092625 0.504854 0.056624 0.757282
17 0.155190 0.511327 0.049633 0.847896
27 0.212863 0.516181 0.058022 0.760518
30 0.276826 0.504854 0.051031 0.809061
5 0.332576 0.478964 0.054876 0.783172
8 0.393044 0.454693 0.057672 0.708738
9 0.452988 0.474110 0.051031 0.844660
0 0.511360 0.441748 0.055225 0.708738
20 0.568508 0.454693 0.048584 0.760518
25 0.625655 0.430421 0.052429 0.757282
1 0.676686 0.428803 0.039147 0.708738
0 0.736631 0.391586 0.059070 0.660194
2 0.800419 0.428803 0.049633 0.734628
3 0.854247 0.423948 0.049633 0.744337
3 0.910696 0.398058 0.044390 0.770227
0 0.967843 0.355987 0.053827 0.634304
