22 0.031960 0.559271 0.055354 0.705167
27 0.093245 0.492401 0.054036 0.693009
17 0.156507 0.534954 0.056672 0.632219
27 0.218451 0.534954 0.056672 0.656535
30 0.279736 0.492401 0.057990 0.693009
5 0.338386 0.486322 0.054036 0.656535
8 0.397035 0.474164 0.055354 0.680851
9 0.458979 0.474164 0.055354 0.753799
0 0.511697 0.437690 0.044811 0.753799
20 0.570346 0.486322 0.054036 0.851064
25 0.627018 0.443769 0.048764 0.790274
1 0.681713 0.443769 0.044811 0.741641
0 0.742998 0.449848 0.051400 0.656535
2 0.804283 0.522796 0.057990 0.851064
3 0.855684 0.382979 0.044811 0.668693
2 0.910379 0.376900 0.056672 0.680851
9 0.964415 0.352584 0.043493 0.680851
