22 0.031182 0.540293 0.051422 0.816850
27 0.088621 0.472527 0.055434 0.703297
17 0.155543 0.520147 0.056528 0.879121
27 0.214989 0.532967 0.056528 0.882784
30 0.275164 0.479853 0.049964 0.798535
5 0.333151 0.479853 0.057987 0.747253
8 0.394602 0.467033 0.045952 0.772894
9 0.454048 0.507326 0.053975 0.882784
0 0.510759 0.452381 0.048505 0.802198
20 0.565463 0.417582 0.057987 0.732601
25 0.626185 0.505495 0.055434 0.937729
1 0.684902 0.507326 0.035011 0.853480
0 0.747812 0.500000 0.057987 0.816850
2 0.799781 0.485348 0.053975 0.897436
3 0.857221 0.467033 0.049964 0.772894
3 0.912473 0.479853 0.047411 0.827839
0 0.969548 0.532967 0.047775 0.934066
