22 0.032153 0.487889 0.054913 0.768166
27 0.087789 0.467128 0.053468 0.754325
17 0.153902 0.487889 0.054913 0.795848
27 0.211525 0.512111 0.057442 0.899654
30 0.274386 0.500000 0.057442 0.820069
5 0.332731 0.455017 0.053468 0.702422
8 0.390715 0.435986 0.049494 0.692042
9 0.453938 0.494810 0.049494 0.782007
0 0.508671 0.479239 0.059971 0.730104
20 0.566835 0.544983 0.053468 0.882353
25 0.625000 0.532872 0.052023 0.858131
1 0.687139 0.532872 0.045520 0.858131
0 0.746026 0.487889 0.053468 0.871972
2 0.805636 0.525952 0.052023 0.948097
3 0.863259 0.519031 0.046604 0.885813
2 0.918172 0.557093 0.057442 0.830450
9 0.976156 0.539792 0.047688 0.823529
