22 0.030488 0.623894 0.054324 0.675516
27 0.089246 0.550147 0.060976 0.716814
17 0.155395 0.535398 0.058019 0.705015
27 0.215447 0.529499 0.062084 0.781711
30 0.278640 0.502950 0.053954 0.557522
5 0.336105 0.529499 0.060976 0.693215
8 0.396157 0.525074 0.056911 0.684366
9 0.457502 0.508850 0.047302 0.799410
0 0.516999 0.513274 0.055432 0.684366
20 0.568921 0.429204 0.051367 0.705015
25 0.628973 0.451327 0.050259 0.749263
1 0.689763 0.470501 0.052846 0.663717
0 0.747228 0.420354 0.051737 0.663717
2 0.806541 0.482301 0.051367 0.834808
3 0.859941 0.377581 0.060606 0.601770
3 0.916851 0.398230 0.050259 0.749263
2 0.973577 0.412979 0.049889 0.696165
