22 0.031847 0.580986 0.059713 0.725352
27 0.090764 0.584507 0.054936 0.830986
17 0.156051 0.551056 0.058121 0.714789
27 0.217158 0.619718 0.056131 0.760563
30 0.274084 0.563380 0.052946 0.760563
5 0.334594 0.545775 0.048965 0.725352
8 0.390326 0.551056 0.048965 0.714789
9 0.451234 0.556338 0.046576 0.704225
0 0.509753 0.521127 0.046576 0.704225
20 0.557325 0.515845 0.051752 0.714789
25 0.620223 0.573944 0.052548 0.852113
1 0.679538 0.485915 0.035828 0.845070
0 0.741242 0.558099 0.045382 0.750000
2 0.798965 0.510563 0.057325 0.866197
3 0.853304 0.505282 0.048965 0.785211
3 0.909037 0.503521 0.046576 0.669014
2 0.964172 0.551056 0.050159 0.855634
