22 0.033902 0.520067 0.046392 0.645485
27 0.091396 0.520067 0.052736 0.692308
17 0.150872 0.525084 0.050357 0.682274
27 0.206186 0.503344 0.055511 0.612040
30 0.267050 0.520067 0.050357 0.712375
5 0.323354 0.458194 0.048771 0.655518
8 0.380650 0.520067 0.055511 0.759197
9 0.441515 0.513378 0.052736 0.745819
0 0.501784 0.525084 0.054322 0.722408
20 0.555313 0.486622 0.044806 0.692308
25 0.607454 0.474916 0.051546 0.715719
1 0.668914 0.491639 0.049960 0.702341
0 0.728390 0.496656 0.053132 0.692308
2 0.787272 0.503344 0.056701 0.859532
3 0.845956 0.463211 0.050357 0.779264
3 0.902855 0.453177 0.049960 0.645485
2 0.959556 0.474916 0.055511 0.822742
