22 0.034326 0.579412 0.056302 0.641176
27 0.087359 0.530882 0.057755 0.673529
17 0.155467 0.552941 0.053760 0.652941
27 0.216491 0.530882 0.055212 0.673529
30 0.277879 0.482353 0.061751 0.641176
5 0.339085 0.519118 0.060661 0.761765
8 0.396295 0.472059 0.045768 0.620588
9 0.455321 0.498529 0.051217 0.673529
0 0.514530 0.470588 0.056302 0.664706
20 0.574464 0.450000 0.052670 0.664706
25 0.634217 0.488235 0.056665 0.676471
1 0.692880 0.432353 0.038867 0.717647
0 0.746640 0.383824 0.054849 0.661765
2 0.808572 0.410294 0.052307 0.697059
3 0.865056 0.411765 0.046858 0.676471
3 0.924991 0.383824 0.048311 0.661765
1 0.977297 0.416176 0.040320 0.708824
