22 0.037648 0.556231 0.060954 0.699088
27 0.094837 0.554711 0.047687 0.720365
17 0.161169 0.566869 0.061312 0.787234
27 0.218358 0.568389 0.053066 0.765957
30 0.280029 0.522796 0.065256 0.699088
5 0.345644 0.506079 0.060954 0.641337
8 0.402115 0.516717 0.051990 0.729483
9 0.454643 0.483283 0.042309 0.711246
0 0.512370 0.516717 0.054500 0.711246
20 0.569380 0.448328 0.054500 0.732523
25 0.634457 0.504559 0.057010 0.820669
1 0.689674 0.472644 0.042668 0.732523
0 0.749373 0.489362 0.045177 0.765957
2 0.810506 0.454407 0.061312 0.696049
3 0.866977 0.437690 0.043743 0.686930
3 0.925421 0.437690 0.059520 0.662614
1 0.976515 0.437690 0.034779 0.711246
