22 0.030011 0.585987 0.050018 0.694268
27 0.082172 0.568471 0.054305 0.780255
17 0.153090 0.544586 0.058235 0.732484
27 0.214005 0.550955 0.045016 0.885350
30 0.273491 0.533439 0.055377 0.780255
5 0.334227 0.520701 0.050375 0.684713
8 0.390675 0.533439 0.048946 0.780255
9 0.454091 0.528662 0.054305 0.885350
0 0.512326 0.461783 0.049303 0.802548
20 0.567881 0.433121 0.056806 0.764331
25 0.625402 0.457006 0.055377 0.863057
1 0.692390 0.485669 0.054305 0.824841
0 0.751161 0.415605 0.055377 0.799363
2 0.811361 0.474522 0.057163 0.828025
3 0.869060 0.415605 0.050375 0.729299
3 0.927831 0.391720 0.059307 0.732484
1 0.978742 0.421975 0.034655 0.812102
