22 0.031158 0.613057 0.053466 0.773885
27 0.087389 0.595541 0.055310 0.783439
17 0.149521 0.584395 0.057891 0.761146
27 0.212758 0.550955 0.055310 0.694268
30 0.274521 0.517516 0.060841 0.716561
5 0.334993 0.517516 0.052729 0.716561
8 0.393068 0.549363 0.052360 0.716561
9 0.452987 0.544586 0.049041 0.707006
0 0.517515 0.538217 0.059366 0.738854
20 0.566925 0.550955 0.047566 0.738854
25 0.624263 0.511146 0.053835 0.748408
1 0.681416 0.511146 0.047198 0.843949
0 0.739491 0.539809 0.047566 0.805732
2 0.805863 0.493631 0.059366 0.738854
3 0.855273 0.449045 0.049779 0.649682
3 0.908555 0.482484 0.053835 0.761146
2 0.967183 0.431529 0.050147 0.684713
