22 0.033637 0.520478 0.053819 0.706485
27 0.091611 0.496587 0.056589 0.774744
17 0.154333 0.469283 0.047487 0.761092
27 0.213692 0.515358 0.055402 0.784983
30 0.273843 0.486348 0.051444 0.658703
5 0.336367 0.508532 0.057776 0.682594
8 0.391769 0.520478 0.057776 0.706485
9 0.447764 0.513652 0.048674 0.761092
0 0.503166 0.474403 0.048674 0.614334
20 0.557380 0.469283 0.056589 0.740614
25 0.621290 0.508532 0.053027 0.819113
1 0.680055 0.518771 0.038385 0.819113
0 0.736644 0.469283 0.054214 0.692833
2 0.796795 0.520478 0.050257 0.795222
3 0.850218 0.491468 0.054214 0.716724
3 0.904234 0.503413 0.056985 0.740614
2 0.962208 0.496587 0.048674 0.863481
