22 0.033704 0.546926 0.055934 0.789644
27 0.091431 0.500000 0.059520 0.741100
17 0.155074 0.524272 0.049122 0.744337
27 0.214234 0.475728 0.050556 0.744337
30 0.274650 0.493528 0.057368 0.779935
5 0.335066 0.487055 0.055575 0.695793
8 0.392793 0.537217 0.049122 0.647249
9 0.448727 0.512945 0.049122 0.695793
0 0.511832 0.493528 0.058444 0.682848
20 0.566153 0.440129 0.050197 0.860841
25 0.624597 0.511327 0.048046 0.744337
1 0.678379 0.487055 0.046612 0.792880
0 0.739512 0.446602 0.059878 0.828479
2 0.797956 0.482201 0.051990 0.757282
3 0.855683 0.493528 0.050556 0.805825
3 0.910004 0.480583 0.055934 0.682848
2 0.965938 0.464401 0.053066 0.766990
