22 0.031000 0.437898 0.048307 0.735669
27 0.087486 0.487261 0.050970 0.636943
17 0.149677 0.519108 0.057436 0.700637
27 0.209966 0.485669 0.057817 0.678344
30 0.268353 0.458599 0.053633 0.694268
5 0.331305 0.458599 0.054013 0.668790
8 0.384557 0.496815 0.052491 0.681529
9 0.443515 0.507962 0.060099 0.722930
0 0.502663 0.485669 0.055154 0.659236
20 0.558197 0.507962 0.053633 0.748408
25 0.612020 0.530255 0.056295 0.722930
1 0.669646 0.547771 0.040700 0.757962
0 0.730696 0.519108 0.060099 0.700637
2 0.790415 0.523885 0.056295 0.691083
3 0.852796 0.541401 0.052491 0.745223
3 0.906618 0.507962 0.049829 0.659236
2 0.962914 0.530255 0.057436 0.722930
