22 0.030643 0.603741 0.049327 0.765306
27 0.090247 0.591837 0.051196 0.816327
17 0.155456 0.578231 0.056054 0.741497
27 0.215433 0.528912 0.053438 0.595238
30 0.280082 0.542517 0.060164 0.765306
5 0.336136 0.540816 0.046712 0.741497
8 0.394245 0.535714 0.050822 0.704082
9 0.457025 0.528912 0.047833 0.765306
0 0.509155 0.523810 0.058670 0.755102
20 0.566517 0.554422 0.047833 0.884354
25 0.627242 0.493197 0.060164 0.816327
1 0.682175 0.549320 0.042227 0.901361
0 0.740471 0.517007 0.046712 0.863946
2 0.799327 0.450680 0.052317 0.751701
3 0.853513 0.462585 0.050822 0.802721
3 0.913490 0.443878 0.050448 0.765306
4 0.966928 0.517007 0.048206 0.911565
