22 0.028864 0.511146 0.048959 0.754777
27 0.088418 0.527070 0.056997 0.742038
17 0.149251 0.504777 0.056631 0.742038
27 0.208257 0.511146 0.055535 0.754777
30 0.271830 0.468153 0.055535 0.719745
5 0.329923 0.498408 0.055535 0.684713
8 0.392218 0.445860 0.050055 0.649682
9 0.443551 0.496815 0.052612 0.872611
0 0.505846 0.498408 0.058093 0.729299
20 0.559920 0.479299 0.050055 0.767516
25 0.616734 0.492038 0.055535 0.742038
1 0.679759 0.469745 0.037632 0.767516
0 0.737304 0.468153 0.047497 0.745223
2 0.800877 0.493631 0.055535 0.719745
3 0.860431 0.474522 0.060650 0.757962
3 0.912495 0.474522 0.043478 0.662420
4 0.964560 0.468153 0.047497 0.745223
