22 0.035766 0.475309 0.053468 0.685185
27 0.091763 0.418210 0.056358 0.595679
17 0.150650 0.486111 0.056358 0.731481
27 0.208273 0.509259 0.048049 0.709877
30 0.269147 0.452160 0.062861 0.663580
5 0.330022 0.510802 0.053829 0.731481
8 0.387464 0.462963 0.050939 0.617284
9 0.445629 0.504630 0.041546 0.719136
0 0.502710 0.492284 0.066835 0.651235
20 0.556720 0.487654 0.044075 0.709877
25 0.616329 0.492284 0.050578 0.675926
1 0.673049 0.509259 0.036127 0.820988
0 0.736814 0.503086 0.050939 0.790123
2 0.798952 0.515432 0.052384 0.740741
3 0.852601 0.520062 0.046965 0.731481
3 0.910043 0.532407 0.057803 0.688272
4 0.962970 0.504630 0.050939 0.675926
