22 0.033423 0.564748 0.056028 0.755396
27 0.086553 0.514388 0.047913 0.755396
17 0.149343 0.521583 0.056028 0.769784
27 0.207303 0.546763 0.049073 0.769784
30 0.265842 0.514388 0.044049 0.755396
5 0.329212 0.516187 0.053323 0.780576
8 0.383114 0.521583 0.054482 0.841727
9 0.444359 0.526978 0.049459 0.830935
0 0.497682 0.483813 0.054869 0.744604
20 0.558926 0.483813 0.052164 0.866906
25 0.618238 0.532374 0.047913 0.719424
1 0.674266 0.508993 0.037094 0.866906
0 0.737442 0.478417 0.059892 0.633094
2 0.794822 0.483813 0.054869 0.766187
3 0.856839 0.501799 0.050618 0.780576
3 0.908810 0.471223 0.053323 0.791367
4 0.969281 0.534173 0.059892 0.845324
