22 0.037611 0.422492 0.052076 0.668693
27 0.091389 0.458967 0.044588 0.759878
17 0.153506 0.463526 0.048332 0.702128
27 0.213751 0.451368 0.048332 0.653495
30 0.271273 0.439210 0.048332 0.653495
5 0.331518 0.428571 0.061266 0.632219
8 0.388359 0.515198 0.049694 0.714286
9 0.449966 0.480243 0.049694 0.735562
0 0.506978 0.445289 0.045950 0.665653
20 0.559905 0.463526 0.052417 0.793313
25 0.620150 0.539514 0.052417 0.781155
1 0.674609 0.498480 0.048332 0.699088
0 0.737917 0.545593 0.049694 0.702128
2 0.796971 0.521277 0.060245 0.726444
3 0.859088 0.539514 0.048332 0.781155
3 0.915929 0.545593 0.049694 0.793313
3 0.965112 0.556231 0.048673 0.796353
