22 0.036521 0.511905 0.057982 0.731293
27 0.088855 0.505102 0.044428 0.642857
17 0.147402 0.523810 0.064383 0.755102
27 0.208584 0.511905 0.052711 0.751701
30 0.271837 0.476190 0.052711 0.680272
5 0.330384 0.474490 0.059111 0.608844
8 0.387989 0.535714 0.053840 0.751701
9 0.448042 0.498299 0.049699 0.704082
0 0.503200 0.511905 0.052334 0.778912
20 0.556099 0.481293 0.051205 0.765306
25 0.618788 0.505102 0.047063 0.765306
1 0.675264 0.505102 0.041792 0.812925
0 0.733810 0.505102 0.061747 0.717687
2 0.797628 0.547619 0.052334 0.850340
3 0.862011 0.481293 0.052334 0.887755
3 0.916604 0.462585 0.048569 0.727891
4 0.968373 0.457483 0.057982 0.717687
