22 0.034394 0.456113 0.053730 0.761755
27 0.089665 0.462382 0.048597 0.843260
17 0.153491 0.479624 0.063313 0.808777
27 0.213381 0.487461 0.059206 0.868339
30 0.270021 0.443574 0.048597 0.736677
5 0.327858 0.426332 0.054073 0.771160
8 0.387235 0.449843 0.056468 0.868339
9 0.439767 0.432602 0.048597 0.833856
0 0.506331 0.438871 0.055099 0.746082
20 0.560404 0.432602 0.044832 0.758621
25 0.616872 0.449843 0.057837 0.724138
1 0.679500 0.481191 0.040726 0.880878
0 0.737337 0.468652 0.061944 0.805643
2 0.797228 0.449843 0.052361 0.818182
3 0.855065 0.468652 0.042094 0.830721
3 0.908966 0.420063 0.052704 0.758621
3 0.965777 0.473354 0.049966 0.796238
