22 0.034786 0.559871 0.054111 0.770227
27 0.093465 0.535599 0.052706 0.773463
17 0.155833 0.522654 0.057976 0.773463
27 0.210647 0.522654 0.059382 0.747573
30 0.276177 0.498382 0.052706 0.770227
5 0.334153 0.522654 0.052706 0.695793
8 0.391075 0.529126 0.052706 0.734628
9 0.447119 0.504854 0.046030 0.757282
0 0.508433 0.542071 0.052706 0.760518
20 0.563247 0.529126 0.051300 0.786408
25 0.621926 0.511327 0.052706 0.673139
1 0.682888 0.503236 0.039002 0.734628
0 0.741743 0.553398 0.051300 0.834951
2 0.805692 0.542071 0.052706 0.883495
3 0.858398 0.478964 0.052706 0.834951
3 0.916022 0.555016 0.051300 0.708738
3 0.968025 0.559871 0.055517 0.770227
