22 0.031875 0.584395 0.052722 0.710191
27 0.092867 0.585987 0.055479 0.783439
17 0.151103 0.566879 0.058236 0.770701
27 0.210717 0.555732 0.058236 0.748408
30 0.273777 0.555732 0.059614 0.671975
5 0.333391 0.560510 0.054101 0.757962
8 0.393005 0.488854 0.054101 0.710191
9 0.449345 0.549363 0.044797 0.856688
0 0.507064 0.500000 0.046520 0.757962
20 0.560648 0.530255 0.053067 0.843949
25 0.619573 0.530255 0.054445 0.869427
1 0.681943 0.523885 0.041351 0.831210
0 0.742247 0.530255 0.063405 0.722930
2 0.803928 0.531847 0.054445 0.796178
3 0.854238 0.476115 0.051688 0.735669
3 0.909373 0.530255 0.053067 0.818471
3 0.971571 0.519108 0.052722 0.821656
