22 0.030361 0.451456 0.055408 0.579288
27 0.084440 0.498382 0.052751 0.647249
17 0.148197 0.527508 0.055787 0.705502
27 0.206641 0.487055 0.047438 0.669903
30 0.262049 0.451456 0.047438 0.695793
5 0.322960 0.503236 0.055408 0.656958
8 0.387287 0.514563 0.059583 0.750809
9 0.442315 0.480583 0.047438 0.702265
0 0.500759 0.503236 0.047438 0.637540
20 0.552751 0.487055 0.051233 0.741100
25 0.606262 0.491909 0.047438 0.776699
1 0.670019 0.543689 0.044402 0.763754
0 0.729032 0.504854 0.051613 0.750809
2 0.789943 0.572816 0.054269 0.822006
3 0.849526 0.521036 0.054269 0.737864
3 0.907780 0.496764 0.056926 0.669903
3 0.964896 0.451456 0.054269 0.624595
