22 0.032624 0.550347 0.058760 0.822917
27 0.091384 0.517361 0.050829 0.708333
17 0.153929 0.569444 0.055516 0.861111
27 0.210707 0.529514 0.049387 0.760417
30 0.267484 0.486111 0.053353 0.875000
5 0.323720 0.555556 0.048306 0.833333
8 0.377073 0.503472 0.053353 0.784722
9 0.441240 0.524306 0.045422 0.770833
0 0.495854 0.491319 0.047945 0.732639
20 0.550649 0.498264 0.050829 0.822917
25 0.609409 0.498264 0.058760 0.822917
1 0.666907 0.543403 0.045422 0.913194
0 0.730894 0.491319 0.058760 0.760417
2 0.793619 0.548611 0.061644 0.798611
3 0.852379 0.472222 0.055876 0.770833
3 0.905191 0.505208 0.051911 0.760417
6 0.960526 0.510417 0.061644 0.902778
