22 0.034232 0.524752 0.047718 0.660066
27 0.090076 0.511551 0.061203 0.811881
17 0.155947 0.562706 0.054633 0.735974
27 0.211100 0.556106 0.048064 0.775578
30 0.272303 0.498350 0.055671 0.686469
5 0.330913 0.542904 0.056017 0.775578
8 0.386065 0.491749 0.062586 0.646865
9 0.445194 0.556106 0.052905 0.775578
0 0.501729 0.529703 0.051867 0.801980
20 0.557573 0.509901 0.046680 0.735974
25 0.616010 0.516502 0.057054 0.775578
1 0.674620 0.562706 0.046335 0.762376
0 0.736515 0.523102 0.066390 0.735974
2 0.798237 0.542904 0.057054 0.848185
3 0.857538 0.574257 0.056017 0.838284
3 0.914765 0.567657 0.058437 0.825083
6 0.970954 0.546205 0.051176 0.907591
