22 0.035606 0.510563 0.051515 0.704225
27 0.095076 0.492958 0.056818 0.690141
17 0.158144 0.492958 0.063258 0.739437
27 0.216288 0.519366 0.058333 0.742958
30 0.275000 0.507042 0.056818 0.767606
5 0.332576 0.463028 0.055303 0.679577
8 0.392235 0.524648 0.052652 0.781690
9 0.448295 0.455986 0.045833 0.792254
0 0.503220 0.485915 0.052652 0.654930
20 0.558523 0.473592 0.052652 0.778169
25 0.616856 0.500000 0.047348 0.781690
1 0.681818 0.485915 0.044697 0.753521
0 0.735795 0.494718 0.052652 0.792254
2 0.798106 0.498239 0.050000 0.855634
3 0.854924 0.424296 0.050000 0.679577
3 0.904924 0.468310 0.053030 0.767606
6 0.963068 0.436620 0.055682 0.802817
