22 0.030314 0.594044 0.051355 0.742947
27 0.085235 0.562696 0.044936 0.755486
17 0.144615 0.540752 0.058131 0.799373
27 0.203994 0.557994 0.055635 0.815047
30 0.263552 0.510972 0.060628 0.695925
5 0.321505 0.510972 0.058131 0.721003
8 0.375000 0.553292 0.048859 0.661442
9 0.437054 0.517241 0.048859 0.752351
0 0.492689 0.476489 0.046006 0.746082
20 0.548324 0.564263 0.043866 0.871473
25 0.608951 0.540752 0.048859 0.824451
1 0.660485 0.523511 0.035663 0.789969
0 0.728959 0.489028 0.054208 0.789969
2 0.785842 0.476489 0.048859 0.721003
3 0.838802 0.487461 0.054208 0.768025
3 0.901569 0.481191 0.060628 0.755486
5 0.960949 0.506270 0.058131 0.824451
