22 0.035013 0.638138 0.055020 0.723724
27 0.096820 0.621622 0.059307 0.732733
17 0.157556 0.617117 0.051447 0.765766
27 0.221329 0.605105 0.059664 0.609610
30 0.280100 0.578078 0.047874 0.777778
5 0.337085 0.537538 0.047517 0.678679
8 0.393176 0.516517 0.051804 0.636637
9 0.454269 0.527027 0.048946 0.657658
0 0.510361 0.516517 0.047517 0.678679
20 0.565916 0.500000 0.050018 0.669670
25 0.622722 0.460961 0.052876 0.699700
1 0.677028 0.472973 0.037156 0.723724
0 0.741872 0.450450 0.058235 0.744745
2 0.798857 0.460961 0.052876 0.747748
3 0.854948 0.388889 0.051447 0.711712
3 0.908717 0.427928 0.050375 0.633634
5 0.964809 0.388889 0.056806 0.735736
