22 0.033639 0.641156 0.052150 0.717687
27 0.090764 0.630952 0.058121 0.738095
17 0.152667 0.619048 0.048965 0.714286
27 0.212978 0.600340 0.055732 0.704082
30 0.272691 0.566327 0.047771 0.656463
5 0.333201 0.588435 0.054140 0.680272
8 0.391521 0.602041 0.054538 0.748299
9 0.449244 0.583333 0.042596 0.690476
0 0.500398 0.527211 0.046178 0.666667
20 0.556927 0.539116 0.055732 0.670068
25 0.616640 0.527211 0.055732 0.666667
1 0.669586 0.488095 0.047771 0.704082
0 0.734674 0.537415 0.052946 0.646259
2 0.792994 0.471088 0.058121 0.670068
3 0.854697 0.452381 0.062102 0.612245
3 0.907046 0.471088 0.052946 0.670068
5 0.961385 0.454082 0.063694 0.704082
