22 0.037396 0.648829 0.056589 0.702341
27 0.095568 0.608696 0.056589 0.648829
17 0.156312 0.620401 0.056985 0.692308
27 0.212307 0.637124 0.052632 0.678930
30 0.273051 0.546823 0.060942 0.612040
5 0.329838 0.558528 0.050257 0.682274
8 0.386427 0.575251 0.058172 0.688963
9 0.444005 0.558528 0.051444 0.769231
0 0.504551 0.508361 0.049070 0.648829
20 0.559359 0.536789 0.050257 0.792642
25 0.615354 0.513378 0.043530 0.745819
1 0.673328 0.479933 0.040760 0.612040
0 0.730906 0.491639 0.055402 0.769231
2 0.794025 0.508361 0.058172 0.782609
3 0.846854 0.479933 0.053027 0.725753
3 0.907004 0.419732 0.051444 0.578595
5 0.960427 0.403010 0.063316 0.658863
