22 0.036619 0.567708 0.061437 0.774306
27 0.094759 0.567708 0.054842 0.774306
17 0.152725 0.560764 0.053454 0.815972
27 0.208955 0.526042 0.056230 0.774306
30 0.265706 0.572917 0.057272 0.840278
5 0.327838 0.500000 0.061437 0.694444
8 0.386324 0.539931 0.053454 0.746528
9 0.447067 0.539931 0.054842 0.829861
0 0.499826 0.513889 0.056230 0.854167
20 0.559354 0.506944 0.057272 0.895833
25 0.616800 0.446181 0.049288 0.829861
1 0.676328 0.522569 0.045470 0.954861
0 0.736897 0.520833 0.054842 0.868056
2 0.792086 0.536458 0.050677 0.927083
3 0.851093 0.500000 0.053454 0.881944
3 0.904373 0.479167 0.061437 0.868056
6 0.963901 0.486111 0.054842 0.826389
