22 0.031188 0.608553 0.050457 0.592105
27 0.088796 0.580592 0.054430 0.648026
17 0.151569 0.565789 0.050457 0.723684
27 0.209178 0.582237 0.054430 0.690789
30 0.270163 0.580592 0.051649 0.713816
5 0.326579 0.559211 0.055622 0.710526
8 0.383989 0.580592 0.048868 0.713816
9 0.441597 0.537829 0.050457 0.713816
0 0.495828 0.509868 0.047676 0.677632
20 0.557608 0.514803 0.048868 0.667763
25 0.617004 0.493421 0.059595 0.644737
1 0.672626 0.542763 0.043703 0.855263
0 0.727056 0.486842 0.061979 0.592105
2 0.789829 0.476974 0.055622 0.743421
3 0.849424 0.455592 0.055622 0.746711
3 0.910608 0.437500 0.063568 0.625000
5 0.966826 0.434211 0.056814 0.657895
