22 0.037673 0.500000 0.052965 0.730263
27 0.087094 0.470395 0.058560 0.690789
17 0.150131 0.504934 0.051846 0.694079
27 0.207572 0.552632 0.051846 0.855263
30 0.266692 0.529605 0.050727 0.809211
5 0.325438 0.564145 0.053338 0.766447
8 0.383999 0.577303 0.050354 0.740132
9 0.441253 0.534539 0.050727 0.799342
0 0.500559 0.610197 0.054457 0.740132
20 0.553898 0.597039 0.046997 0.805921
25 0.613204 0.546053 0.066393 0.730263
1 0.667102 0.536184 0.041402 0.822368
0 0.730325 0.582237 0.055949 0.822368
2 0.785901 0.574013 0.057441 0.851974
3 0.848937 0.570724 0.058933 0.753289
3 0.901716 0.578947 0.046624 0.842105
6 0.961581 0.552632 0.057441 0.789474
