22 0.034928 0.538462 0.047077 0.682274
27 0.091306 0.481605 0.044419 0.749164
17 0.152240 0.550167 0.056188 0.772575
27 0.215072 0.550167 0.053531 0.839465
30 0.275247 0.515050 0.048595 0.749164
5 0.333333 0.561873 0.052392 0.795987
8 0.385725 0.510033 0.052392 0.692308
9 0.449317 0.498328 0.045938 0.602007
0 0.507593 0.590301 0.052392 0.806020
20 0.561314 0.550167 0.055049 0.752508
25 0.619021 0.533445 0.049734 0.692308
1 0.679005 0.573579 0.044419 0.725753
0 0.738610 0.573579 0.053531 0.772575
2 0.795748 0.595318 0.052392 0.795987
3 0.849848 0.550167 0.058846 0.725753
3 0.907935 0.598662 0.048975 0.802676
7 0.965072 0.561873 0.053910 0.842809
