22 0.033099 0.609418 0.052817 0.692521
27 0.088028 0.573407 0.059859 0.598338
17 0.157746 0.599723 0.052817 0.673130
27 0.217958 0.578947 0.057042 0.670360
30 0.277641 0.530471 0.053873 0.700831
5 0.338556 0.498615 0.056690 0.598338
8 0.396831 0.513850 0.057042 0.650970
9 0.458451 0.515235 0.042254 0.692521
0 0.515317 0.504155 0.047535 0.565097
20 0.567430 0.493075 0.048944 0.736842
25 0.631162 0.477839 0.056690 0.662050
1 0.692077 0.466759 0.040493 0.722992
0 0.747535 0.419668 0.057042 0.628809
2 0.811268 0.461219 0.054225 0.734072
3 0.871479 0.445983 0.061268 0.681440
3 0.921655 0.391967 0.047535 0.617729
7 0.972359 0.397507 0.046127 0.711911
