22 0.035439 0.583893 0.054035 0.785235
27 0.094912 0.597315 0.059298 0.785235
17 0.154386 0.568792 0.054035 0.862416
27 0.212281 0.575503 0.064561 0.848993
30 0.273684 0.531879 0.052632 0.815436
5 0.333158 0.526846 0.063509 0.825503
8 0.395789 0.506711 0.056842 0.785235
9 0.450526 0.481544 0.047018 0.788591
0 0.509123 0.520134 0.054035 0.812081
20 0.572632 0.552013 0.048421 0.775168
25 0.625965 0.461409 0.052632 0.694631
1 0.675965 0.518456 0.044561 0.788591
0 0.740000 0.486577 0.056842 0.798658
2 0.795263 0.486577 0.059298 0.879195
3 0.859474 0.474832 0.063509 0.775168
3 0.910702 0.436242 0.050175 0.697987
8 0.964737 0.429530 0.057895 0.785235
