22 0.034303 0.595679 0.055675 0.790123
27 0.093391 0.595679 0.054598 0.765432
17 0.152119 0.532407 0.057112 0.706790
27 0.213182 0.595679 0.059986 0.790123
30 0.271193 0.498457 0.056034 0.663580
5 0.330280 0.538580 0.057112 0.719136
8 0.391523 0.487654 0.057471 0.709877
9 0.445941 0.492284 0.049210 0.743827
0 0.504490 0.487654 0.057112 0.709877
20 0.554598 0.435185 0.045259 0.629630
25 0.615122 0.418210 0.057112 0.706790
1 0.674210 0.429012 0.042385 0.777778
0 0.733297 0.435185 0.057112 0.722222
2 0.793822 0.422840 0.053161 0.765432
3 0.847881 0.361111 0.057112 0.592593
3 0.905711 0.361111 0.050647 0.617284
8 0.959591 0.412037 0.052083 0.719136
