22 0.031944 0.601824 0.053800 0.765957
27 0.088433 0.583587 0.059180 0.778116
17 0.150975 0.547112 0.049765 0.851064
27 0.213517 0.565350 0.056490 0.790274
30 0.274714 0.522796 0.049765 0.729483
5 0.329186 0.541033 0.059180 0.668693
8 0.390383 0.480243 0.063215 0.668693
9 0.452253 0.486322 0.049765 0.899696
0 0.514122 0.559271 0.049765 0.680851
20 0.568594 0.534954 0.051110 0.802432
25 0.627102 0.468085 0.055145 0.741641
1 0.680229 0.492401 0.037660 0.693009
0 0.744116 0.504559 0.057835 0.741641
2 0.804640 0.510638 0.057835 0.729483
3 0.858440 0.522796 0.055145 0.705167
3 0.913584 0.534954 0.049765 0.826748
7 0.966711 0.522796 0.053800 0.826748
