22 0.034037 0.605970 0.060794 0.674627
27 0.094467 0.571642 0.057881 0.695522
17 0.158719 0.559701 0.056789 0.719403
27 0.218602 0.532836 0.057881 0.683582
30 0.281398 0.505970 0.056789 0.564179
5 0.338733 0.559701 0.057881 0.695522
8 0.399891 0.526866 0.051329 0.653731
9 0.454496 0.467164 0.049873 0.707463
0 0.513105 0.516418 0.051329 0.716418
20 0.567164 0.465672 0.053877 0.686567
25 0.628504 0.461194 0.054969 0.695522
1 0.678376 0.488060 0.041864 0.773134
0 0.743902 0.428358 0.067346 0.653731
2 0.803240 0.405970 0.051329 0.674627
3 0.856389 0.383582 0.052785 0.588060
3 0.908264 0.400000 0.056789 0.638806
8 0.963597 0.394030 0.050965 0.674627
