22 0.033099 0.612853 0.055634 0.711599
27 0.090669 0.589342 0.056690 0.783699
17 0.153169 0.576803 0.051408 0.689655
27 0.212676 0.595611 0.048592 0.771160
30 0.270775 0.540752 0.054225 0.661442
5 0.333803 0.523511 0.055634 0.771160
8 0.390141 0.485893 0.051408 0.652038
9 0.451585 0.510972 0.044718 0.796238
0 0.508451 0.515674 0.052817 0.736677
20 0.565493 0.485893 0.052817 0.796238
25 0.621655 0.510972 0.059507 0.746082
1 0.673063 0.443574 0.046127 0.736677
0 0.738732 0.473354 0.052817 0.771160
2 0.797007 0.449843 0.047535 0.749216
3 0.853345 0.426332 0.062324 0.771160
3 0.916197 0.462382 0.055634 0.818182
7 0.968310 0.371473 0.051408 0.711599
