22 0.030492 0.553398 0.053361 0.783172
27 0.085239 0.553398 0.050589 0.783172
17 0.147263 0.517799 0.046431 0.834951
27 0.202529 0.548544 0.055787 0.773463
30 0.265766 0.546926 0.054747 0.796117
5 0.327789 0.524272 0.050589 0.796117
8 0.383056 0.485437 0.057173 0.770227
9 0.440402 0.498382 0.057519 0.744337
0 0.494456 0.485437 0.050589 0.796117
20 0.556999 0.522654 0.064103 0.844660
25 0.617117 0.443366 0.053361 0.783172
1 0.667533 0.461165 0.045392 0.773463
0 0.734927 0.498382 0.057519 0.822006
2 0.792273 0.504854 0.059945 0.860841
3 0.851525 0.478964 0.055787 0.932039
3 0.906272 0.411003 0.048164 0.673139
8 0.962751 0.467638 0.057173 0.857605
