22 0.032573 0.608451 0.054104 0.602817
27 0.093669 0.614085 0.057784 0.692958
17 0.153478 0.573239 0.053736 0.735211
27 0.208134 0.538028 0.049687 0.664789
30 0.272543 0.567606 0.060729 0.684507
5 0.334928 0.538028 0.058888 0.704225
8 0.393449 0.553521 0.050055 0.656338
9 0.447368 0.539437 0.044534 0.723944
0 0.505889 0.563380 0.054104 0.676056
20 0.564225 0.502817 0.055208 0.594366
25 0.622194 0.559155 0.060729 0.763380
1 0.684026 0.498592 0.034229 0.805634
0 0.739787 0.508451 0.061833 0.684507
2 0.802908 0.508451 0.051159 0.746479
3 0.858852 0.416901 0.047479 0.602817
3 0.916636 0.436620 0.052632 0.704225
7 0.966507 0.432394 0.044902 0.735211
