22 0.035827 0.580906 0.053478 0.838188
27 0.091576 0.580906 0.054526 0.838188
17 0.155715 0.566343 0.056274 0.757282
27 0.214261 0.579288 0.055225 0.809061
30 0.271933 0.511327 0.055225 0.770227
5 0.333974 0.480583 0.057672 0.734628
8 0.394967 0.546926 0.056624 0.796117
9 0.454212 0.524272 0.045788 0.822006
0 0.510661 0.504854 0.053827 0.757282
20 0.568508 0.516181 0.056274 0.857605
25 0.621636 0.461165 0.044390 0.721683
1 0.683502 0.454693 0.047186 0.734628
0 0.740650 0.485437 0.051031 0.847896
2 0.800419 0.448220 0.055225 0.747573
3 0.853548 0.441748 0.048235 0.682848
3 0.908074 0.461165 0.052429 0.773463
7 0.969067 0.449838 0.053478 0.822006
