22 0.031863 0.506250 0.049720 0.687500
27 0.087010 0.493750 0.050070 0.781250
17 0.150385 0.470313 0.060574 0.734375
27 0.209384 0.506250 0.052521 0.831250
30 0.269433 0.470313 0.053571 0.709375
5 0.331408 0.446875 0.059174 0.756250
8 0.390056 0.476562 0.055322 0.815625
9 0.447829 0.457813 0.052521 0.853125
0 0.507178 0.470313 0.044468 0.853125
20 0.564426 0.482812 0.056723 0.828125
25 0.625000 0.428125 0.051120 0.743750
1 0.685574 0.506250 0.045518 0.831250
0 0.748249 0.489063 0.049720 0.721875
2 0.801471 0.476562 0.053922 0.815625
3 0.857318 0.476562 0.060574 0.815625
3 0.920693 0.475000 0.060574 0.793750
9 0.976190 0.434375 0.047619 0.806250
