22 0.033921 0.460815 0.055631 0.777429
27 0.090909 0.435737 0.058345 0.727273
17 0.152646 0.442006 0.059701 0.714734
27 0.211669 0.454545 0.052917 0.689655
30 0.270014 0.429467 0.052917 0.689655
5 0.327001 0.416928 0.058345 0.689655
8 0.388060 0.454545 0.066486 0.739812
9 0.447761 0.423197 0.052917 0.677116
0 0.502035 0.498433 0.055631 0.802508
20 0.559701 0.429467 0.051560 0.739812
25 0.616011 0.404389 0.055631 0.689655
1 0.675034 0.448276 0.054274 0.852665
0 0.738128 0.416928 0.055631 0.714734
2 0.796472 0.492163 0.052917 0.789969
3 0.856852 0.485893 0.062415 0.827586
4 0.915197 0.498433 0.048847 0.752351
0 0.969471 0.448276 0.059701 0.752351
