22 0.036320 0.486567 0.051885 0.758209
27 0.091491 0.468657 0.055690 0.746269
17 0.155310 0.458209 0.056036 0.653731
27 0.213248 0.464179 0.059841 0.779104
30 0.272397 0.446269 0.055690 0.653731
5 0.331546 0.452239 0.059841 0.641791
8 0.393462 0.526866 0.052923 0.767164
9 0.453995 0.526866 0.046697 0.767164
0 0.512452 0.498507 0.057074 0.710448
20 0.565202 0.504478 0.053269 0.746269
25 0.624870 0.470149 0.063992 0.767164
1 0.682290 0.516418 0.045313 0.722388
0 0.738153 0.510448 0.053269 0.644776
2 0.797994 0.532836 0.056036 0.755224
3 0.853165 0.492537 0.062608 0.770149
4 0.910930 0.526866 0.042546 0.814925
0 0.970080 0.571642 0.054306 0.856716
