22 0.031449 0.550173 0.053004 0.851211
27 0.088693 0.517301 0.055830 0.757785
17 0.148410 0.524221 0.050177 0.743945
27 0.206184 0.498270 0.062544 0.823529
30 0.270671 0.479239 0.055830 0.757785
5 0.325795 0.525952 0.057244 0.851211
8 0.384099 0.491349 0.051590 0.678201
9 0.444700 0.505190 0.058304 0.761246
0 0.503180 0.498270 0.050177 0.823529
20 0.553180 0.529412 0.058304 0.941176
25 0.613251 0.505190 0.058304 0.892734
1 0.674912 0.524221 0.051590 0.903114
0 0.734982 0.465398 0.051590 0.785467
2 0.794700 0.512111 0.054417 0.878893
3 0.850353 0.525952 0.054064 0.878893
4 0.909541 0.510381 0.050177 0.958478
0 0.966254 0.522491 0.052650 0.955017
