22 0.031162 0.516181 0.051761 0.734628
27 0.084683 0.472492 0.058099 0.796117
17 0.148944 0.522654 0.057042 0.844660
27 0.203697 0.467638 0.060915 0.734628
30 0.270246 0.449838 0.058099 0.822006
5 0.329049 0.478964 0.048944 0.783172
8 0.384683 0.454693 0.059507 0.734628
9 0.445599 0.491909 0.043310 0.809061
0 0.501761 0.474110 0.061268 0.773463
20 0.564085 0.478964 0.055634 0.783172
25 0.618838 0.485437 0.048944 0.847896
1 0.675880 0.478964 0.043310 0.834951
0 0.736092 0.423948 0.060915 0.822006
2 0.797711 0.456311 0.056690 0.809061
3 0.853169 0.428803 0.048592 0.708738
3 0.910035 0.428803 0.056690 0.708738
9 0.966373 0.498382 0.047535 0.847896
