22 0.032694 0.571197 0.055437 0.766990
27 0.086532 0.524272 0.050107 0.718447
17 0.150498 0.546926 0.059346 0.744337
27 0.212331 0.559871 0.059346 0.841424
30 0.273632 0.487055 0.055437 0.792880
5 0.328891 0.517799 0.057925 0.731392
8 0.386638 0.517799 0.052594 0.731392
9 0.445984 0.511327 0.044776 0.718447
0 0.503909 0.475728 0.060412 0.770227
20 0.563788 0.482201 0.056503 0.757282
25 0.620291 0.506472 0.051528 0.754045
1 0.680348 0.504854 0.039446 0.802589
0 0.735430 0.433657 0.057925 0.686084
2 0.796731 0.470874 0.058991 0.779935
3 0.855366 0.422330 0.055437 0.708738
3 0.910625 0.427184 0.050107 0.621359
9 0.959844 0.446602 0.043355 0.828479
