22 0.036279 0.612847 0.051724 0.746528
27 0.093391 0.607639 0.054598 0.756944
17 0.153376 0.574653 0.051724 0.822917
27 0.210668 0.562500 0.065014 0.743056
30 0.273886 0.536458 0.047773 0.795139
5 0.330999 0.536458 0.053520 0.795139
8 0.390266 0.512153 0.057112 0.822917
9 0.450072 0.512153 0.043822 0.822917
0 0.507184 0.548611 0.054598 0.798611
20 0.563218 0.517361 0.051724 0.833333
25 0.622306 0.531250 0.061422 0.861111
1 0.687500 0.536458 0.042385 0.795139
0 0.747486 0.529514 0.053161 0.809028
2 0.807292 0.543403 0.050647 0.836806
3 0.865122 0.484375 0.054239 0.746528
4 0.924389 0.472222 0.055675 0.847222
1 0.980065 0.477431 0.039871 0.836806
