22 0.034798 0.558462 0.056942 0.710769
27 0.088928 0.521538 0.056942 0.710769
17 0.153251 0.550769 0.049912 0.769231
27 0.212478 0.544615 0.060808 0.756923
30 0.272056 0.540000 0.055536 0.815385
5 0.332865 0.504615 0.055536 0.676923
8 0.390334 0.444615 0.046046 0.673846
9 0.448506 0.540000 0.059754 0.790769
0 0.505448 0.521538 0.051318 0.827692
20 0.562742 0.504615 0.052724 0.818462
25 0.620211 0.498462 0.062214 0.689231
1 0.677680 0.473846 0.042179 0.781538
0 0.736555 0.444615 0.056591 0.723077
2 0.798594 0.450769 0.051318 0.686154
3 0.851318 0.487692 0.051318 0.686154
4 0.910896 0.475385 0.056591 0.686154
0 0.971002 0.469231 0.050264 0.790769
