22 0.031154 0.509524 0.044603 0.707937
27 0.087504 0.474603 0.052434 0.828571
17 0.151515 0.485714 0.055158 0.806349
27 0.207865 0.498413 0.054818 0.711111
30 0.270003 0.479365 0.051073 0.819048
5 0.328907 0.479365 0.048349 0.793651
8 0.387300 0.455556 0.041879 0.720635
9 0.446204 0.468254 0.060266 0.815873
0 0.506980 0.485714 0.051073 0.780952
20 0.565884 0.480952 0.051073 0.892063
25 0.623085 0.479365 0.052434 0.768254
1 0.677222 0.468254 0.035410 0.720635
0 0.737657 0.455556 0.058904 0.841270
2 0.799796 0.449206 0.049711 0.758730
3 0.854784 0.449206 0.054818 0.828571
4 0.912496 0.492063 0.049711 0.888889
0 0.966803 0.479365 0.048689 0.793651
