22 0.033907 0.598746 0.052354 0.802508
27 0.091005 0.576803 0.052706 0.783699
17 0.154427 0.547022 0.057976 0.724138
27 0.218025 0.517241 0.060787 0.758621
30 0.278110 0.517241 0.051651 0.808777
5 0.338897 0.515674 0.059382 0.736677
8 0.398278 0.517241 0.065004 0.808777
9 0.455903 0.523511 0.041813 0.796238
0 0.511947 0.462382 0.056922 0.699060
20 0.570625 0.479624 0.049895 0.808777
25 0.628074 0.517241 0.048840 0.808777
1 0.682888 0.437304 0.044624 0.724138
0 0.747013 0.438871 0.056922 0.746082
2 0.801827 0.443574 0.047084 0.736677
3 0.857871 0.445141 0.065004 0.783699
3 0.914617 0.402821 0.051300 0.673981
9 0.974877 0.457680 0.050246 0.833856
