22 0.037431 0.525084 0.055632 0.822742
27 0.094265 0.505017 0.050481 0.889632
17 0.157624 0.505017 0.055632 0.862876
27 0.215831 0.523411 0.058036 0.899666
30 0.279190 0.511706 0.055632 0.876254
5 0.334650 0.491639 0.052541 0.809365
8 0.393372 0.479933 0.049107 0.785953
9 0.454155 0.536789 0.046360 0.872910
0 0.513565 0.484950 0.059409 0.722408
20 0.571772 0.505017 0.051511 0.862876
25 0.630495 0.491639 0.050137 0.936455
1 0.685096 0.518395 0.040522 0.963211
0 0.745364 0.498328 0.060783 0.876254
2 0.805632 0.536789 0.051511 0.926421
3 0.859547 0.498328 0.051511 0.903010
4 0.919986 0.511706 0.050824 0.976589
1 0.969093 0.523411 0.040522 0.953177
