22 0.036478 0.569966 0.055419 0.853242
27 0.097159 0.498294 0.055419 0.866894
17 0.159242 0.537543 0.052613 0.890785
27 0.219747 0.552901 0.057874 0.894198
30 0.279376 0.505119 0.063486 0.825939
5 0.341284 0.472696 0.052613 0.815700
8 0.401438 0.537543 0.053665 0.918089
9 0.457033 0.532423 0.049106 0.935154
0 0.518239 0.511945 0.060680 0.839590
20 0.572080 0.484642 0.052613 0.894198
25 0.630831 0.498294 0.056471 0.894198
1 0.694142 0.517065 0.045598 0.931741
0 0.750088 0.505119 0.047352 0.853242
2 0.806208 0.546075 0.051561 0.907850
3 0.860751 0.447099 0.052613 0.839590
4 0.920905 0.440273 0.064890 0.825939
1 0.972115 0.465870 0.043143 0.904437
