22 0.033097 0.518395 0.057699 0.729097
27 0.086903 0.493311 0.057699 0.732441
17 0.153628 0.479933 0.055221 0.806020
27 0.213982 0.498328 0.060531 0.668896
30 0.276106 0.500000 0.053805 0.792642
5 0.338407 0.468227 0.052389 0.729097
8 0.394159 0.486622 0.056283 0.819398
9 0.451327 0.493311 0.055221 0.832776
0 0.510973 0.463211 0.056283 0.892977
20 0.566726 0.468227 0.052389 0.782609
25 0.628496 0.538462 0.060531 0.923077
1 0.682124 0.486622 0.044602 0.819398
0 0.742301 0.500000 0.057345 0.866221
2 0.805310 0.511706 0.055221 0.869565
3 0.861062 0.488294 0.048496 0.842809
4 0.913982 0.505017 0.060177 0.856187
1 0.971681 0.543478 0.041770 0.879599
