22 0.033710 0.552632 0.052354 0.789474
27 0.095669 0.541118 0.063277 0.832237
17 0.158380 0.534539 0.059134 0.891447
27 0.217326 0.557566 0.051224 0.799342
30 0.275895 0.488487 0.057627 0.799342
5 0.335217 0.504934 0.058004 0.786184
8 0.396987 0.547697 0.049718 0.845395
9 0.450282 0.470395 0.053861 0.809211
0 0.511299 0.476974 0.041808 0.776316
20 0.567043 0.481908 0.053861 0.858553
25 0.621657 0.447368 0.052354 0.835526
1 0.678908 0.481908 0.040301 0.878289
0 0.742750 0.504934 0.054991 0.786184
2 0.799247 0.463816 0.058004 0.822368
3 0.854991 0.452303 0.051224 0.753289
4 0.911488 0.452303 0.051224 0.773026
2 0.971375 0.488487 0.052731 0.845395
