22 0.033861 0.589063 0.053736 0.715625
27 0.093854 0.610938 0.060361 0.759375
17 0.159367 0.554688 0.055208 0.803125
27 0.218623 0.556250 0.060361 0.781250
30 0.279168 0.471875 0.052632 0.725000
5 0.337689 0.550000 0.064409 0.812500
8 0.399338 0.460938 0.053736 0.703125
9 0.457122 0.521875 0.048583 0.912500
0 0.516378 0.489063 0.053736 0.690625
20 0.572874 0.504687 0.054104 0.771875
25 0.630659 0.478125 0.051159 0.825000
1 0.689915 0.476562 0.037909 0.846875
0 0.745859 0.476562 0.057784 0.871875
2 0.803460 0.432812 0.055208 0.846875
3 0.858116 0.421875 0.056312 0.825000
4 0.913876 0.404687 0.050055 0.790625
2 0.968531 0.454688 0.048951 0.846875
