22 0.031810 0.636364 0.051429 0.727273
27 0.086095 0.617555 0.054857 0.758621
17 0.151810 0.584639 0.062857 0.736677
27 0.211810 0.592476 0.051810 0.815047
30 0.270667 0.526646 0.056762 0.702194
5 0.329714 0.536050 0.059048 0.683386
8 0.394095 0.525078 0.053714 0.680251
9 0.449333 0.526646 0.046095 0.746082
0 0.510286 0.503135 0.055238 0.768025
20 0.564952 0.493730 0.054095 0.830721
25 0.622667 0.456113 0.059048 0.755486
1 0.684571 0.498433 0.048762 0.865204
0 0.742286 0.471787 0.056762 0.874608
2 0.798857 0.384013 0.056381 0.724138
3 0.854476 0.438871 0.057905 0.833856
4 0.914857 0.418495 0.049905 0.768025
2 0.972571 0.413793 0.054857 0.802508
