22 0.035070 0.618102 0.056375 0.609272
27 0.096690 0.573951 0.053753 0.644592
17 0.161586 0.556291 0.057686 0.626932
27 0.221894 0.551876 0.052442 0.653422
30 0.287447 0.498896 0.060308 0.688742
5 0.349721 0.490066 0.053753 0.600442
8 0.408063 0.476821 0.049820 0.626932
9 0.463127 0.445916 0.052442 0.618102
0 0.524746 0.437086 0.060308 0.547461
20 0.584399 0.450331 0.053753 0.662252
25 0.644707 0.397351 0.045887 0.679912
1 0.703704 0.415011 0.040642 0.679912
0 0.764667 0.379691 0.044576 0.644592
2 0.819076 0.366446 0.048509 0.582781
3 0.874795 0.384106 0.049820 0.653422
4 0.926581 0.282561 0.045887 0.503311
1 0.978040 0.347682 0.043920 0.633554
