22 0.033754 0.651079 0.056597 0.616307
27 0.094613 0.628297 0.060348 0.700240
17 0.160245 0.571942 0.049778 0.645084
27 0.218036 0.576739 0.063075 0.673861
30 0.287419 0.573141 0.065462 0.700240
5 0.344528 0.521583 0.053529 0.616307
8 0.406239 0.553957 0.056256 0.647482
9 0.469826 0.521583 0.052506 0.673861
0 0.523525 0.489209 0.050119 0.570743
20 0.583191 0.467626 0.053529 0.599520
25 0.641493 0.420863 0.057620 0.635492
1 0.697238 0.442446 0.038186 0.664269
0 0.754347 0.388489 0.054893 0.570743
2 0.813842 0.430456 0.051142 0.654676
3 0.868394 0.359712 0.055234 0.609113
4 0.924821 0.396882 0.047392 0.664269
1 0.971360 0.351319 0.040914 0.645084
