22 0.035678 0.631579 0.058444 0.731302
27 0.097180 0.621884 0.059123 0.756233
17 0.164118 0.576177 0.067958 0.797784
27 0.228678 0.570637 0.055725 0.764543
30 0.286442 0.504155 0.057085 0.764543
5 0.345566 0.559557 0.050289 0.808864
8 0.405369 0.520776 0.058444 0.819945
9 0.464492 0.515235 0.062521 0.831025
0 0.523615 0.526316 0.061162 0.808864
20 0.579341 0.493075 0.050289 0.808864
25 0.634387 0.448753 0.059803 0.786704
1 0.690792 0.465374 0.050289 0.819945
0 0.748556 0.443213 0.048930 0.753463
2 0.808359 0.433518 0.057085 0.861496
3 0.864084 0.426593 0.048930 0.742382
4 0.916412 0.465374 0.050289 0.819945
2 0.970778 0.415512 0.053007 0.764543
