22 0.034004 0.668246 0.053435 0.611374
27 0.094032 0.640995 0.056211 0.665877
17 0.165337 0.600711 0.060028 0.765403
27 0.229528 0.599526 0.060028 0.582938
30 0.292852 0.563981 0.056211 0.639810
5 0.352186 0.568720 0.052047 0.682464
8 0.413081 0.517773 0.058640 0.618483
9 0.472935 0.546209 0.053435 0.656398
0 0.530361 0.482227 0.055864 0.566351
20 0.589174 0.500000 0.056211 0.672986
25 0.645906 0.413507 0.054476 0.627962
1 0.705239 0.463270 0.045455 0.675355
0 0.761971 0.404028 0.062457 0.665877
2 0.818702 0.390995 0.051006 0.691943
3 0.870229 0.376777 0.052047 0.573460
4 0.925399 0.381517 0.050659 0.620853
1 0.975538 0.362559 0.046842 0.691943
