22 0.027723 0.662791 0.050228 0.674419
27 0.086106 0.611111 0.052838 0.679587
17 0.150685 0.611111 0.060013 0.741602
27 0.209883 0.595607 0.055773 0.689922
30 0.274951 0.568475 0.061318 0.594315
5 0.336106 0.585271 0.053164 0.689922
8 0.393183 0.542636 0.053164 0.645995
9 0.453686 0.568475 0.054142 0.785530
0 0.509459 0.536176 0.051533 0.633075
20 0.565884 0.514212 0.050228 0.656331
25 0.624266 0.573643 0.052838 0.754522
1 0.685421 0.514212 0.034247 0.677003
0 0.743151 0.525840 0.057078 0.720930
2 0.804305 0.514212 0.060013 0.806202
3 0.856654 0.456072 0.050554 0.819121
4 0.911611 0.406977 0.046314 0.612403
3 0.972929 0.449612 0.046314 0.744186
