22 0.030788 0.641626 0.056760 0.588670
27 0.090299 0.623153 0.059512 0.645320
17 0.158583 0.604680 0.058480 0.682266
27 0.218782 0.552956 0.064671 0.672414
30 0.283626 0.500000 0.054008 0.625616
5 0.347093 0.548030 0.059856 0.682266
8 0.405917 0.533251 0.055728 0.692118
9 0.462160 0.513547 0.049192 0.578818
0 0.523048 0.509852 0.054008 0.625616
20 0.577227 0.458128 0.048848 0.615764
25 0.633471 0.433498 0.047816 0.665025
1 0.691778 0.405172 0.050224 0.662562
0 0.751290 0.353448 0.050224 0.598522
2 0.805642 0.348522 0.052976 0.623153
3 0.860509 0.320197 0.043688 0.532020
4 0.914689 0.318966 0.048848 0.549261
2 0.966976 0.343596 0.052976 0.652709
