22 0.033660 0.581365 0.052781 0.711286
27 0.087073 0.531496 0.054046 0.679790
17 0.152181 0.519685 0.057838 0.787402
27 0.210809 0.514436 0.059418 0.755906
30 0.271966 0.476378 0.055310 0.721785
5 0.333913 0.488189 0.055310 0.677165
8 0.388748 0.476378 0.048673 0.721785
9 0.445954 0.438320 0.049937 0.708661
0 0.507111 0.438320 0.051517 0.645669
20 0.563843 0.460630 0.046144 0.711286
25 0.620417 0.421260 0.048673 0.700787
1 0.678413 0.443570 0.040771 0.677165
0 0.736884 0.400262 0.052781 0.700787
2 0.798198 0.389764 0.051517 0.700787
3 0.855563 0.367454 0.047408 0.635171
4 0.911346 0.389764 0.054046 0.700787
3 0.968710 0.350394 0.044880 0.622047
