22 0.034908 0.637795 0.057495 0.724409
27 0.097878 0.643045 0.059548 0.713911
17 0.160164 0.619423 0.058179 0.745407
27 0.220568 0.583990 0.057837 0.758530
30 0.288330 0.549869 0.059206 0.706037
5 0.345140 0.555118 0.059206 0.737533
8 0.405544 0.543307 0.051335 0.656168
9 0.462868 0.549869 0.050308 0.748031
0 0.519507 0.468504 0.052704 0.564304
20 0.578029 0.513123 0.054073 0.716535
25 0.634668 0.507874 0.053730 0.706037
1 0.688569 0.488189 0.051335 0.766404
0 0.750342 0.427822 0.059206 0.645669
2 0.806297 0.459318 0.049966 0.645669
3 0.862423 0.433071 0.048597 0.719160
4 0.913073 0.383202 0.049966 0.677165
2 0.968857 0.422572 0.051335 0.776903
