22 0.031375 0.577941 0.057769 0.561765
27 0.089641 0.526471 0.056773 0.588235
17 0.154133 0.522059 0.063247 0.620588
27 0.207171 0.498529 0.058765 0.614706
32 0.270169 0.477941 0.071215 0.602941
1 0.335657 0.527941 0.048805 0.755882
8 0.395667 0.501471 0.062251 0.650000
4 0.449950 0.469118 0.048307 0.608824
0 0.508964 0.472059 0.057769 0.644118
20 0.564492 0.438235 0.053287 0.682353
25 0.621016 0.422059 0.059761 0.650000
0 0.684263 0.411765 0.052789 0.670588
6 0.738546 0.401471 0.057769 0.650000
0 0.796813 0.391176 0.056773 0.682353
9 0.852839 0.398529 0.053287 0.697059
9 0.911355 0.344118 0.056773 0.588235
5 0.966633 0.364706 0.058765 0.694118
