22 0.033742 0.528302 0.055215 0.377358
27 0.092025 0.523585 0.053170 0.424528
17 0.156442 0.518868 0.055215 0.433962
27 0.214724 0.514151 0.053170 0.424528
32 0.283231 0.490566 0.059305 0.433962
2 0.342536 0.518868 0.055215 0.471698
8 0.399796 0.495283 0.047035 0.462264
5 0.455010 0.481132 0.063395 0.415094
0 0.521472 0.490566 0.061350 0.433962
20 0.574642 0.466981 0.044990 0.443396
25 0.630879 0.438679 0.059305 0.405660
0 0.690184 0.448113 0.055215 0.424528
6 0.744376 0.424528 0.057260 0.433962
2 0.799591 0.438679 0.061350 0.443396
1 0.856851 0.429245 0.040900 0.481132
6 0.913088 0.415094 0.055215 0.452830
3 0.970348 0.433962 0.051125 0.490566
