22 0.037070 0.553125 0.060084 0.893750
27 0.092410 0.489063 0.059030 0.746875
17 0.156008 0.507812 0.066058 0.746875
27 0.215039 0.498437 0.052003 0.746875
30 0.273366 0.514062 0.064652 0.778125
5 0.335734 0.512500 0.062193 0.756250
8 0.392305 0.489063 0.050949 0.684375
9 0.448349 0.498437 0.047786 0.784375
0 0.506149 0.498437 0.065706 0.828125
20 0.565706 0.512500 0.057625 0.937500
25 0.622453 0.521875 0.055868 0.956250
1 0.678320 0.532813 0.047435 0.934375
0 0.737526 0.514062 0.068166 0.896875
2 0.800422 0.528125 0.057625 0.906250
3 0.855235 0.532813 0.052003 0.934375
3 0.913739 0.509375 0.062193 0.906250
3 0.968728 0.512500 0.054814 0.975000
