22 0.048197 0.393885 0.057836 0.521583
27 0.097015 0.388489 0.043532 0.510791
17 0.143346 0.384892 0.052861 0.503597
27 0.191853 0.384892 0.046642 0.424460
32 0.244092 0.420863 0.052861 0.510791
1 0.293221 0.455036 0.034204 0.528777
8 0.340174 0.462230 0.057214 0.543165
7 0.394279 0.456835 0.048507 0.517986
0 0.443097 0.489209 0.044154 0.618705
20 0.490983 0.505396 0.051617 0.600719
25 0.542600 0.516187 0.052861 0.622302
0 0.598881 0.510791 0.050995 0.589928
8 0.653918 0.516187 0.054104 0.607914
3 0.704913 0.544964 0.059080 0.615108
9 0.767724 0.613309 0.055348 0.571942
2 0.821206 0.573741 0.059080 0.543165
3 0.877799 0.600719 0.059080 0.633094
