22 0.088205 0.680000 0.067850 0.535385
27 0.145094 0.658462 0.052192 0.480000
17 0.204071 0.652308 0.061587 0.523077
27 0.259656 0.623077 0.047495 0.513846
30 0.314718 0.609231 0.049061 0.596923
5 0.370564 0.595385 0.052192 0.569231
8 0.423539 0.569231 0.053758 0.541538
7 0.474687 0.589231 0.048539 0.556923
0 0.530010 0.549231 0.046451 0.569231
20 0.579593 0.538462 0.047495 0.603077
25 0.625522 0.495385 0.044363 0.541538
1 0.677714 0.492308 0.046451 0.603077
0 0.728862 0.484615 0.048539 0.587692
1 0.775313 0.447692 0.032881 0.593846
3 0.825157 0.455385 0.051148 0.596923
5 0.876305 0.464615 0.049061 0.615385
5 0.928497 0.427692 0.055324 0.529231
