22 0.032689 0.519643 0.056867 0.860714
27 0.088975 0.460714 0.058027 0.764286
17 0.155706 0.471429 0.061509 0.742857
27 0.214313 0.476786 0.053385 0.796429
32 0.277563 0.476786 0.056867 0.817857
1 0.330754 0.482143 0.038685 0.871429
8 0.394584 0.460714 0.058801 0.828571
4 0.451451 0.460714 0.054932 0.785714
0 0.511799 0.498214 0.052611 0.925000
20 0.567118 0.466071 0.058027 0.882143
25 0.623598 0.501786 0.057253 0.996429
0 0.686267 0.487500 0.055706 0.946429
6 0.745455 0.503571 0.058027 0.957143
2 0.806383 0.492857 0.052224 0.871429
5 0.863250 0.476786 0.052224 0.903571
6 0.916828 0.482143 0.050290 0.957143
4 0.972534 0.487500 0.050290 0.946429
