22 0.037171 0.545296 0.060618 0.811847
27 0.094358 0.531359 0.053755 0.839721
17 0.154213 0.560976 0.049943 0.878049
27 0.212162 0.510453 0.051468 0.860627
32 0.273351 0.468641 0.050324 0.860627
1 0.333397 0.484321 0.049180 0.829268
8 0.391155 0.473868 0.052612 0.787456
4 0.447198 0.515679 0.050324 0.829268
0 0.506672 0.515679 0.052612 0.808362
20 0.560427 0.500000 0.057186 0.839721
25 0.622570 0.520906 0.051849 0.923345
0 0.682043 0.473868 0.054136 0.808362
6 0.739230 0.513937 0.047274 0.972125
2 0.800229 0.526132 0.059474 0.912892
5 0.861990 0.500000 0.057186 0.944251
6 0.919177 0.500000 0.059474 0.881533
3 0.975600 0.501742 0.048799 0.905923
