22 0.127043 0.569444 0.040119 0.227778
27 0.170877 0.572222 0.044577 0.233333
17 0.212481 0.575000 0.038633 0.227778
27 0.254086 0.575000 0.038633 0.250000
32 0.292719 0.575000 0.041605 0.238889
6 0.332838 0.572222 0.035661 0.255556
8 0.373700 0.575000 0.043091 0.272222
3 0.414562 0.580556 0.038633 0.283333
0 0.456166 0.583333 0.041605 0.277778
20 0.497028 0.580556 0.040119 0.250000
25 0.536404 0.583333 0.035661 0.255556
1 0.578009 0.588889 0.041605 0.288889
0 0.618128 0.575000 0.041605 0.305556
2 0.659733 0.622222 0.035661 0.377778
5 0.698366 0.569444 0.038633 0.272222
1 0.736999 0.600000 0.035661 0.288889
0 0.788262 0.619444 0.052006 0.361111
