22 0.040511 0.768041 0.063263 0.391753
27 0.100999 0.734536 0.055494 0.427835
17 0.170921 0.698454 0.068812 0.417526
27 0.236959 0.664948 0.061043 0.412371
32 0.301332 0.618557 0.065483 0.412371
2 0.364595 0.610825 0.054384 0.479381
8 0.423418 0.559278 0.052164 0.417526
5 0.483907 0.530928 0.062153 0.463918
0 0.543285 0.497423 0.047725 0.458763
20 0.596559 0.466495 0.054384 0.500000
25 0.653718 0.438144 0.057714 0.494845
0 0.708657 0.414948 0.045505 0.541237
6 0.763041 0.365979 0.054384 0.505155
2 0.820200 0.335052 0.053274 0.474227
1 0.870144 0.324742 0.033296 0.484536
6 0.922863 0.311856 0.056604 0.500000
3 0.975583 0.239691 0.048835 0.345361
