22 0.084027 0.619318 0.057532 0.579545
27 0.138531 0.593750 0.057532 0.539773
17 0.195685 0.625000 0.056775 0.602273
27 0.251325 0.616477 0.049962 0.653409
30 0.307343 0.585227 0.054504 0.625000
5 0.360712 0.568182 0.047691 0.579545
8 0.412945 0.565341 0.056775 0.517045
7 0.469720 0.573864 0.047691 0.613636
0 0.517033 0.551136 0.046934 0.693182
20 0.570023 0.539773 0.054504 0.681818
25 0.626419 0.539773 0.061317 0.681818
1 0.683195 0.585227 0.047691 0.829545
0 0.732778 0.514205 0.052990 0.653409
1 0.783119 0.542614 0.040121 0.812500
3 0.834217 0.551136 0.052990 0.795455
7 0.887585 0.522727 0.053747 0.647727
3 0.940954 0.531250 0.051476 0.698864
