22 0.031847 0.480556 0.055202 0.250000
27 0.089172 0.466667 0.059448 0.255556
17 0.149682 0.472222 0.053079 0.233333
27 0.210191 0.486111 0.059448 0.227778
32 0.268577 0.488889 0.057325 0.244444
2 0.323779 0.511111 0.048832 0.266667
8 0.378981 0.500000 0.057325 0.244444
5 0.436306 0.505556 0.057325 0.255556
0 0.494692 0.505556 0.050955 0.244444
20 0.550955 0.519444 0.057325 0.272222
25 0.607219 0.511111 0.059448 0.244444
0 0.666667 0.536111 0.055202 0.272222
6 0.730361 0.533333 0.059448 0.277778
2 0.786624 0.552778 0.048832 0.305556
1 0.843949 0.533333 0.048832 0.277778
8 0.897028 0.561111 0.053079 0.311111
5 0.955414 0.561111 0.067941 0.288889
