22 0.061105 0.466258 0.066950 0.650307
27 0.119022 0.435583 0.057386 0.625767
17 0.180659 0.441718 0.068013 0.760736
27 0.249203 0.463190 0.064825 0.570552
32 0.305526 0.469325 0.049947 0.607362
6 0.363443 0.460123 0.061637 0.711656
8 0.419235 0.463190 0.049947 0.705521
3 0.477152 0.496933 0.055260 0.601227
0 0.527099 0.481595 0.051010 0.546012
20 0.575983 0.509202 0.042508 0.674847
25 0.625930 0.512270 0.055260 0.619632
1 0.678002 0.521472 0.040383 0.662577
0 0.727418 0.539877 0.041445 0.662577
2 0.773645 0.546012 0.046759 0.748466
5 0.819872 0.496933 0.056323 0.527607
1 0.868757 0.536810 0.045696 0.644172
4 0.924017 0.500000 0.058448 0.509202
