22 0.036571 0.493056 0.057143 0.347222
27 0.093714 0.493056 0.054857 0.393519
17 0.158857 0.486111 0.059429 0.333333
27 0.215429 0.502315 0.053714 0.393519
32 0.278286 0.472222 0.051429 0.342593
2 0.337143 0.511574 0.054857 0.393519
8 0.394857 0.502315 0.046857 0.365741
5 0.452000 0.500000 0.058286 0.425926
0 0.510286 0.472222 0.056000 0.342593
20 0.565143 0.500000 0.051429 0.425926
25 0.622857 0.509259 0.054857 0.416667
0 0.683429 0.493056 0.050286 0.347222
6 0.741714 0.497685 0.054857 0.439815
2 0.797143 0.490741 0.053714 0.398148
1 0.854286 0.481481 0.053714 0.425926
8 0.913143 0.469907 0.054857 0.375000
3 0.972571 0.541667 0.054857 0.462963
