22 0.067406 0.622530 0.061433 0.501976
27 0.128413 0.586957 0.055461 0.430830
17 0.192833 0.573123 0.059727 0.426877
27 0.252560 0.577075 0.061433 0.434783
32 0.312713 0.537549 0.058874 0.426877
6 0.371587 0.541502 0.057167 0.458498
8 0.426621 0.521739 0.052901 0.426877
3 0.482509 0.511858 0.055461 0.478261
0 0.534130 0.490119 0.046075 0.434783
20 0.585751 0.492095 0.048635 0.438735
25 0.638652 0.454545 0.043515 0.450593
1 0.694113 0.466403 0.031570 0.513834
0 0.746160 0.403162 0.052048 0.434783
2 0.795222 0.415020 0.040956 0.474308
5 0.840870 0.383399 0.050341 0.411067
0 0.889932 0.383399 0.042662 0.395257
6 0.937713 0.383399 0.049488 0.450593
