22 0.042203 0.448020 0.067239 0.430693
27 0.107296 0.462871 0.060086 0.460396
17 0.177396 0.465347 0.071531 0.465347
27 0.246781 0.495050 0.058655 0.465347
32 0.314735 0.512376 0.065808 0.420792
6 0.376252 0.539604 0.057225 0.495050
8 0.440629 0.549505 0.054363 0.475248
3 0.498569 0.579208 0.055794 0.445545
0 0.554363 0.618812 0.055794 0.524752
20 0.610157 0.603960 0.055794 0.376238
25 0.665951 0.641089 0.055794 0.460396
1 0.715308 0.650990 0.040057 0.440594
0 0.768240 0.688119 0.045780 0.415842
2 0.818312 0.698020 0.048641 0.425743
5 0.869099 0.695545 0.050072 0.430693
1 0.912732 0.720297 0.034335 0.440594
8 0.962804 0.752475 0.054363 0.445545
