22 0.033800 0.502825 0.062937 0.463277
27 0.099650 0.477401 0.059441 0.446328
17 0.168998 0.480226 0.065268 0.451977
27 0.231935 0.491525 0.058275 0.463277
32 0.291958 0.485876 0.054779 0.451977
2 0.357226 0.502825 0.052448 0.485876
8 0.413753 0.497175 0.048951 0.497175
5 0.473193 0.502825 0.053613 0.531073
0 0.529720 0.502825 0.050117 0.564972
20 0.582168 0.508475 0.050117 0.553672
25 0.644522 0.531073 0.060606 0.598870
0 0.707459 0.511299 0.053613 0.570621
6 0.757576 0.508475 0.041958 0.564972
2 0.810023 0.491525 0.058275 0.531073
1 0.861888 0.502825 0.040793 0.632768
9 0.919580 0.516949 0.053613 0.604520
3 0.967949 0.474576 0.047786 0.508475
