22 0.082384 0.591440 0.050807 0.575875
27 0.136277 0.612840 0.054131 0.712062
17 0.195869 0.535019 0.056505 0.649805
27 0.254986 0.542802 0.054131 0.649805
30 0.313153 0.529183 0.057455 0.622568
5 0.366809 0.529183 0.051757 0.622568
8 0.424501 0.538911 0.049383 0.642023
7 0.479820 0.511673 0.054606 0.673152
0 0.533476 0.538911 0.046059 0.789883
20 0.580484 0.507782 0.049858 0.665370
25 0.633666 0.484436 0.054606 0.657588
1 0.690171 0.507782 0.036562 0.797665
0 0.739791 0.447471 0.054131 0.692607
1 0.790598 0.461089 0.036087 0.665370
3 0.839981 0.451362 0.055081 0.591440
5 0.891975 0.420233 0.044160 0.677043
9 0.950380 0.455253 0.056505 0.692607
