22 0.041388 0.538934 0.059365 0.454918
27 0.102007 0.510246 0.061873 0.413934
17 0.167642 0.489754 0.056020 0.454918
27 0.224916 0.491803 0.060201 0.442623
32 0.283863 0.430328 0.051003 0.442623
6 0.340301 0.436475 0.060201 0.454918
8 0.398829 0.397541 0.050167 0.434426
3 0.454013 0.413934 0.053512 0.450820
0 0.509615 0.364754 0.054348 0.500000
20 0.563545 0.344262 0.051839 0.409836
25 0.619983 0.334016 0.054348 0.479508
1 0.670151 0.317623 0.040970 0.504098
0 0.729933 0.282787 0.053512 0.434426
2 0.785117 0.276639 0.056856 0.454918
4 0.839883 0.266393 0.044314 0.467213
9 0.887960 0.237705 0.051839 0.467213
4 0.945234 0.229508 0.059365 0.426230
