22 0.061652 0.302174 0.059955 0.413043
27 0.121041 0.304348 0.056561 0.400000
17 0.185520 0.321739 0.056561 0.452174
27 0.243213 0.371739 0.052036 0.404348
32 0.302602 0.400000 0.057692 0.434783
6 0.361425 0.436957 0.055430 0.378261
8 0.417986 0.460870 0.057692 0.426087
3 0.468891 0.482609 0.048643 0.391304
0 0.519796 0.504348 0.048643 0.365217
20 0.568439 0.526087 0.048643 0.426087
25 0.617647 0.571739 0.047511 0.404348
1 0.666290 0.593478 0.040724 0.456522
0 0.714367 0.639130 0.050905 0.434783
2 0.760181 0.628261 0.047511 0.404348
5 0.804864 0.632609 0.044118 0.413043
1 0.850113 0.713043 0.039593 0.434783
2 0.899887 0.728261 0.053167 0.447826
