22 0.067114 0.767143 0.046980 0.260000
27 0.105034 0.718571 0.042282 0.242857
17 0.146644 0.674286 0.044966 0.240000
27 0.190604 0.660000 0.045638 0.274286
30 0.230537 0.635714 0.042282 0.265714
5 0.274161 0.597143 0.042282 0.285714
8 0.317450 0.577143 0.040268 0.291429
7 0.359060 0.521429 0.040268 0.305714
0 0.405369 0.502857 0.041611 0.297143
20 0.450671 0.478571 0.051678 0.322857
25 0.492953 0.438571 0.043624 0.311429
1 0.542617 0.402857 0.038255 0.342857
0 0.590940 0.365714 0.050336 0.314286
1 0.640940 0.315714 0.036242 0.357143
3 0.691275 0.278571 0.051007 0.322857
7 0.742282 0.252857 0.048322 0.340000
3 0.799664 0.254286 0.051678 0.400000
