22 0.127464 0.541436 0.047306 0.287293
27 0.173456 0.544199 0.042050 0.303867
17 0.220105 0.519337 0.045992 0.243094
27 0.262155 0.538674 0.038108 0.270718
30 0.308804 0.535912 0.042050 0.309392
5 0.350854 0.530387 0.036794 0.298343
8 0.396189 0.527624 0.043364 0.303867
7 0.438896 0.549724 0.034166 0.359116
0 0.484231 0.519337 0.043364 0.309392
20 0.526938 0.546961 0.042050 0.364641
25 0.568988 0.519337 0.042050 0.342541
1 0.615637 0.558011 0.040736 0.364641
0 0.662286 0.546961 0.044678 0.320442
1 0.708279 0.569061 0.031537 0.386740
3 0.747700 0.544199 0.044678 0.337017
7 0.795007 0.566298 0.039422 0.381215
5 0.840342 0.546961 0.051248 0.342541
