22 0.037859 0.715789 0.065274 0.400000
27 0.102480 0.678947 0.058747 0.389474
17 0.171671 0.647368 0.058747 0.368421
27 0.231723 0.634211 0.050914 0.468421
32 0.300914 0.623684 0.069191 0.478947
2 0.360313 0.592105 0.057441 0.436842
8 0.422977 0.539474 0.054830 0.394737
5 0.480418 0.505263 0.054830 0.410526
0 0.535248 0.492105 0.060052 0.426316
20 0.593342 0.473684 0.056136 0.389474
25 0.652089 0.455263 0.053525 0.468421
0 0.710183 0.423684 0.054830 0.415789
6 0.764360 0.397368 0.050914 0.384211
2 0.817885 0.376316 0.056136 0.394737
1 0.872715 0.373684 0.040470 0.484211
5 0.922977 0.315789 0.049608 0.431579
1 0.969974 0.334211 0.041775 0.478947
