22 0.026832 0.504167 0.048058 0.841667
27 0.082299 0.514583 0.050060 0.845833
17 0.147978 0.516667 0.058871 0.891667
27 0.204045 0.512500 0.053264 0.975000
32 0.268322 0.514583 0.054465 0.912500
3 0.324389 0.516667 0.051262 0.891667
8 0.381057 0.527083 0.055667 0.937500
6 0.443132 0.529167 0.048458 0.941667
0 0.499600 0.504167 0.047657 0.891667
20 0.557869 0.529167 0.050461 0.941667
25 0.611934 0.516667 0.054465 0.891667
0 0.674810 0.497917 0.051262 0.929167
4 0.734281 0.520833 0.047657 0.950000
0 0.791149 0.487500 0.047657 0.858333
0 0.853224 0.529167 0.058871 0.941667
6 0.908090 0.516667 0.046055 0.966667
2 0.967361 0.512500 0.053264 0.975000
