22 0.033259 0.490672 0.057650 0.309701
27 0.094235 0.496269 0.064302 0.305970
17 0.162971 0.492537 0.059867 0.343284
27 0.222284 0.479478 0.054324 0.309701
32 0.287694 0.479478 0.060976 0.369403
2 0.350887 0.477612 0.054324 0.328358
8 0.410200 0.451493 0.055432 0.335821
5 0.471729 0.453358 0.060976 0.332090
0 0.531042 0.462687 0.055432 0.350746
20 0.587029 0.453358 0.054324 0.317164
25 0.641353 0.451493 0.052106 0.313433
0 0.705100 0.445896 0.055432 0.309701
6 0.756098 0.438433 0.050998 0.317164
2 0.812084 0.447761 0.054324 0.350746
1 0.864191 0.427239 0.043237 0.347015
8 0.919623 0.416045 0.052106 0.332090
9 0.974501 0.419776 0.046563 0.369403
