22 0.066185 0.484848 0.065628 0.606061
27 0.132369 0.454545 0.062291 0.606061
17 0.198554 0.509091 0.058954 0.678788
27 0.259177 0.469697 0.060067 0.624242
32 0.323137 0.460606 0.052280 0.593939
6 0.379867 0.463636 0.056730 0.600000
8 0.438265 0.478788 0.057842 0.618182
3 0.496663 0.503030 0.050056 0.654545
0 0.551168 0.524242 0.050056 0.636364
20 0.600667 0.506061 0.048943 0.612121
25 0.652392 0.506061 0.054505 0.612121
1 0.704116 0.506061 0.042269 0.612121
0 0.757508 0.527273 0.051168 0.630303
2 0.810345 0.530303 0.047831 0.672727
4 0.858176 0.551515 0.047831 0.545455
9 0.905451 0.539394 0.042269 0.545455
6 0.956618 0.578788 0.060067 0.612121
