22 0.082183 0.689855 0.055227 0.342029
27 0.132807 0.650725 0.052597 0.373913
17 0.193623 0.613043 0.053254 0.327536
27 0.247535 0.621739 0.054569 0.333333
30 0.302433 0.591304 0.049967 0.365217
5 0.355358 0.559420 0.049310 0.347826
8 0.407627 0.543478 0.047337 0.368116
7 0.459237 0.523188 0.047995 0.402899
0 0.517094 0.495652 0.055884 0.417391
20 0.567061 0.486957 0.046680 0.382609
25 0.620973 0.463768 0.057199 0.440580
1 0.672255 0.475362 0.038790 0.457971
0 0.721893 0.421739 0.060487 0.379710
1 0.778764 0.434783 0.053254 0.452174
3 0.830046 0.404348 0.042735 0.420290
5 0.876726 0.334783 0.055884 0.373913
9 0.936555 0.355072 0.061144 0.431884
