22 0.038828 0.514815 0.066757 0.555556
27 0.104223 0.525926 0.061308 0.592593
17 0.170300 0.488889 0.068120 0.488889
27 0.232289 0.496296 0.055858 0.503704
32 0.292916 0.451852 0.062670 0.577778
2 0.361717 0.462963 0.053134 0.570370
8 0.420981 0.470370 0.059946 0.614815
5 0.476839 0.437037 0.057221 0.562963
0 0.536104 0.470370 0.055858 0.629630
20 0.593324 0.444444 0.058583 0.577778
25 0.648501 0.455556 0.051771 0.629630
0 0.702997 0.433333 0.057221 0.629630
6 0.759537 0.422222 0.050409 0.622222
2 0.814714 0.418519 0.054496 0.585185
1 0.865123 0.440741 0.040872 0.629630
6 0.921662 0.422222 0.058583 0.622222
6 0.970027 0.385185 0.043597 0.592593
