22 0.085531 0.469466 0.054170 0.473282
27 0.139701 0.458015 0.048468 0.473282
17 0.192445 0.452290 0.052744 0.469466
27 0.248040 0.429389 0.057021 0.423664
30 0.305417 0.435115 0.049180 0.519084
5 0.358517 0.425573 0.049893 0.431298
8 0.411974 0.437023 0.049893 0.438931
7 0.463649 0.416031 0.042053 0.480916
0 0.513899 0.452290 0.051319 0.515267
20 0.567712 0.425573 0.052031 0.438931
25 0.617962 0.438931 0.048468 0.488550
1 0.668924 0.437023 0.037776 0.515267
0 0.721311 0.435115 0.049893 0.473282
1 0.774412 0.437023 0.037776 0.522901
3 0.818603 0.406489 0.054882 0.477099
7 0.873129 0.412214 0.045617 0.465649
9 0.924804 0.404580 0.044904 0.534351
