22 0.108349 0.720000 0.053471 0.428571
27 0.157129 0.707143 0.046904 0.454286
17 0.203096 0.655714 0.042214 0.488571
27 0.250469 0.648571 0.047842 0.462857
30 0.297373 0.622857 0.047842 0.434286
5 0.349437 0.581429 0.046904 0.437143
8 0.396341 0.561429 0.045028 0.420000
7 0.443715 0.547143 0.041276 0.505714
0 0.493433 0.520000 0.046904 0.462857
20 0.542214 0.520000 0.047842 0.474286
25 0.591698 0.472857 0.049250 0.517143
1 0.643293 0.458571 0.037992 0.517143
0 0.695122 0.458571 0.052533 0.625714
1 0.746482 0.401429 0.030488 0.631429
3 0.796904 0.381429 0.052533 0.591429
5 0.853189 0.367143 0.051595 0.540000
7 0.913931 0.367143 0.066135 0.591429
