22 0.061841 0.478903 0.054650 0.367089
27 0.115053 0.474684 0.051774 0.383966
17 0.176894 0.468354 0.056568 0.388186
27 0.228188 0.466245 0.051774 0.383966
32 0.285714 0.478903 0.059444 0.375527
6 0.340364 0.483122 0.051774 0.358650
8 0.391659 0.497890 0.050815 0.388186
3 0.446309 0.489451 0.048897 0.438819
0 0.502397 0.504219 0.047939 0.400844
20 0.549856 0.512658 0.046980 0.426160
25 0.601630 0.497890 0.052733 0.396624
1 0.649089 0.497890 0.038351 0.396624
0 0.699904 0.512658 0.047939 0.383966
2 0.749760 0.506329 0.046021 0.379747
5 0.797699 0.518987 0.059444 0.438819
1 0.843241 0.521097 0.033557 0.476793
8 0.889262 0.502110 0.052733 0.405063
