22 0.073171 0.387879 0.057927 0.315152
27 0.130335 0.387879 0.053354 0.315152
17 0.191311 0.406061 0.056402 0.351515
27 0.246189 0.400000 0.053354 0.351515
32 0.304878 0.412121 0.057927 0.327273
1 0.358232 0.427273 0.030488 0.333333
8 0.410823 0.454545 0.050305 0.375758
8 0.462652 0.463636 0.050305 0.381818
0 0.514482 0.478788 0.053354 0.400000
20 0.567073 0.490909 0.054878 0.412121
25 0.623476 0.481818 0.048780 0.369697
0 0.679116 0.527273 0.050305 0.424242
5 0.730945 0.533333 0.050305 0.436364
0 0.783537 0.527273 0.051829 0.400000
2 0.834604 0.545455 0.044207 0.424242
5 0.886433 0.542424 0.047256 0.393939
2 0.939787 0.533333 0.050305 0.375758
