22 0.069655 0.535294 0.053793 0.317647
27 0.122069 0.538235 0.048276 0.335294
17 0.170345 0.532353 0.048276 0.300000
27 0.215172 0.550000 0.044138 0.358824
30 0.266207 0.532353 0.049655 0.335294
5 0.312414 0.535294 0.048276 0.341176
8 0.357241 0.535294 0.046897 0.341176
7 0.402069 0.544118 0.040000 0.347059
0 0.448276 0.544118 0.049655 0.394118
20 0.499310 0.561765 0.041379 0.441176
25 0.544138 0.558824 0.051034 0.435294
1 0.592414 0.600000 0.037241 0.376471
0 0.640000 0.591176 0.046897 0.370588
1 0.688966 0.570588 0.040000 0.423529
3 0.733103 0.588235 0.042759 0.364706
7 0.777931 0.588235 0.046897 0.435294
7 0.835172 0.617647 0.062069 0.482353
