22 0.037118 0.333333 0.068413 0.545455
27 0.101892 0.330303 0.061135 0.539394
17 0.171033 0.342424 0.071325 0.490909
27 0.242358 0.381818 0.071325 0.521212
32 0.311499 0.384848 0.064047 0.563636
2 0.374090 0.442424 0.049491 0.533333
8 0.430131 0.433333 0.059680 0.503030
5 0.491266 0.466667 0.062591 0.557576
0 0.549491 0.466667 0.053857 0.521212
20 0.601892 0.500000 0.053857 0.515152
25 0.657933 0.524242 0.058224 0.551515
0 0.715429 0.533333 0.056769 0.557576
6 0.772926 0.530303 0.052402 0.527273
2 0.826783 0.596970 0.055313 0.539394
1 0.874818 0.600000 0.040757 0.545455
7 0.915575 0.615152 0.049491 0.551515
1 0.967977 0.636364 0.046579 0.569697
