22 0.036247 0.584211 0.059701 0.452632
27 0.095949 0.584211 0.055437 0.452632
17 0.157783 0.573684 0.059701 0.473684
27 0.217484 0.584211 0.055437 0.515789
32 0.285714 0.563158 0.059701 0.515789
2 0.345416 0.573684 0.059701 0.536842
8 0.404051 0.573684 0.057569 0.557895
5 0.462687 0.547368 0.051173 0.526316
0 0.520256 0.542105 0.055437 0.494737
20 0.574627 0.547368 0.057569 0.484211
25 0.636461 0.578947 0.053305 0.547368
0 0.696162 0.578947 0.057569 0.568421
6 0.754797 0.542105 0.055437 0.494737
2 0.813433 0.531579 0.053305 0.473684
1 0.864606 0.578947 0.036247 0.547368
5 0.922175 0.573684 0.066098 0.536842
1 0.976546 0.563158 0.038380 0.578947
