22 0.104719 0.650190 0.057119 0.403042
27 0.159768 0.646388 0.051325 0.441065
17 0.216474 0.600760 0.057119 0.372624
27 0.271109 0.589354 0.053808 0.365019
32 0.326159 0.564639 0.049669 0.399240
6 0.383692 0.568441 0.055464 0.414449
8 0.435430 0.568441 0.048013 0.444867
3 0.489652 0.539924 0.050497 0.387833
0 0.538907 0.538023 0.048013 0.422053
20 0.586921 0.530418 0.046358 0.406844
25 0.636175 0.501901 0.050497 0.410646
1 0.686258 0.515209 0.041391 0.452471
0 0.737583 0.492395 0.044702 0.399240
2 0.786838 0.484791 0.045530 0.406844
5 0.836921 0.494297 0.051325 0.463878
1 0.887003 0.454373 0.033940 0.429658
2 0.935430 0.477186 0.062914 0.429658
