22 0.041553 0.319095 0.064033 0.396985
27 0.105586 0.344221 0.058583 0.417085
17 0.175068 0.384422 0.064033 0.396985
27 0.242507 0.414573 0.059946 0.437186
32 0.307902 0.439698 0.057221 0.407035
2 0.371935 0.484925 0.062670 0.467337
8 0.430518 0.512563 0.057221 0.402010
5 0.490463 0.527638 0.054496 0.391960
0 0.547684 0.540201 0.051771 0.396985
20 0.603542 0.590452 0.054496 0.437186
25 0.661444 0.633166 0.053134 0.422111
0 0.715259 0.648241 0.051771 0.381910
6 0.771798 0.690955 0.055858 0.386935
2 0.825613 0.703518 0.051771 0.412060
1 0.874659 0.741206 0.038147 0.457286
9 0.925068 0.763819 0.049046 0.462312
1 0.972752 0.771357 0.043597 0.437186
