22 0.030026 0.505576 0.048334 0.944238
27 0.086598 0.483271 0.051629 0.847584
17 0.153057 0.472119 0.062981 0.936803
27 0.213109 0.446097 0.057122 0.825279
30 0.274808 0.470260 0.061882 0.873606
5 0.338887 0.453532 0.061882 0.862454
8 0.393263 0.494424 0.046869 0.892193
9 0.450751 0.501859 0.058587 0.996283
0 0.508788 0.524164 0.058220 0.951673
20 0.567008 0.511152 0.048700 0.977695
25 0.625778 0.535316 0.054193 0.929368
1 0.681618 0.524164 0.035518 0.951673
0 0.744233 0.501859 0.057488 0.996283
2 0.804650 0.505576 0.050165 0.988848
3 0.864152 0.505576 0.057122 0.892193
3 0.921457 0.481413 0.050165 0.895911
8 0.974368 0.524164 0.046137 0.951673
