22 0.073576 0.459732 0.055380 0.315436
27 0.128956 0.463087 0.052215 0.335570
17 0.185127 0.489933 0.053797 0.375839
27 0.236551 0.479866 0.049051 0.382550
30 0.292722 0.506711 0.053797 0.328859
5 0.345728 0.526846 0.055380 0.382550
8 0.397152 0.540268 0.050633 0.355705
7 0.454114 0.563758 0.047468 0.429530
0 0.505538 0.563758 0.045886 0.416107
20 0.554589 0.573826 0.052215 0.382550
25 0.606804 0.567114 0.052215 0.369128
1 0.655063 0.597315 0.028481 0.429530
0 0.703323 0.590604 0.058544 0.416107
1 0.761076 0.600671 0.037975 0.395973
3 0.807753 0.627517 0.045886 0.463087
6 0.857595 0.640940 0.041139 0.382550
9 0.912184 0.654362 0.052215 0.436242
