22 0.033321 0.555743 0.054925 0.875000
27 0.087331 0.488176 0.047968 0.780405
17 0.144453 0.493243 0.057488 0.790541
27 0.203405 0.503378 0.051629 0.810811
32 0.262175 0.471284 0.054925 0.726351
3 0.322959 0.488176 0.057122 0.780405
8 0.377884 0.478041 0.054925 0.760135
6 0.440315 0.483108 0.058220 0.750000
0 0.497986 0.545608 0.057122 0.875000
20 0.554925 0.554054 0.052362 0.891892
25 0.609118 0.518581 0.043574 0.888514
0 0.671915 0.503378 0.057122 0.878378
4 0.731600 0.537162 0.052728 0.925676
0 0.793299 0.486486 0.059685 0.864865
0 0.851153 0.518581 0.053826 0.908784
8 0.911571 0.503378 0.069938 0.979730
2 0.972538 0.506757 0.051996 0.986486
