22 0.034221 0.439759 0.060837 0.313253
27 0.096958 0.436747 0.064639 0.319277
17 0.162548 0.457831 0.070342 0.349398
27 0.229087 0.466867 0.055133 0.343373
32 0.290875 0.466867 0.060837 0.319277
2 0.350760 0.493976 0.055133 0.337349
8 0.412548 0.493976 0.049430 0.349398
5 0.472433 0.487952 0.062738 0.337349
0 0.527567 0.500000 0.051331 0.337349
20 0.580798 0.493976 0.051331 0.325301
25 0.638783 0.503012 0.060837 0.343373
0 0.700570 0.509036 0.058935 0.295181
6 0.760456 0.518072 0.060837 0.313253
2 0.811787 0.524096 0.049430 0.313253
1 0.865019 0.539157 0.041825 0.379518
4 0.917300 0.557229 0.055133 0.343373
9 0.971483 0.572289 0.045627 0.397590
