22 0.058293 0.462457 0.060096 0.535836
27 0.117488 0.418089 0.055889 0.488055
17 0.179087 0.435154 0.050481 0.453925
27 0.237380 0.435154 0.060096 0.467577
30 0.298377 0.428328 0.054688 0.467577
5 0.352764 0.406143 0.050481 0.423208
8 0.406550 0.392491 0.055889 0.450512
7 0.464543 0.394198 0.051683 0.460751
0 0.518029 0.378840 0.051683 0.423208
20 0.572115 0.395904 0.056490 0.443686
25 0.631010 0.392491 0.048077 0.450512
1 0.675781 0.402730 0.037861 0.518771
0 0.737680 0.377133 0.057091 0.426621
1 0.789964 0.421502 0.041466 0.542662
3 0.845853 0.394198 0.054688 0.460751
7 0.902344 0.377133 0.052284 0.453925
1 0.951322 0.399317 0.045673 0.539249
