22 0.036660 0.327273 0.057026 0.400000
27 0.091650 0.327273 0.048880 0.400000
17 0.148676 0.350000 0.057026 0.463636
27 0.205703 0.372727 0.052953 0.454545
32 0.263747 0.381818 0.059063 0.454545
2 0.321792 0.418182 0.057026 0.418182
8 0.380855 0.431818 0.052953 0.427273
5 0.438900 0.431818 0.054990 0.463636
0 0.494908 0.468182 0.052953 0.427273
20 0.549898 0.468182 0.057026 0.427273
25 0.606925 0.500000 0.057026 0.472727
0 0.669043 0.509091 0.059063 0.509091
6 0.727088 0.504545 0.057026 0.481818
2 0.786151 0.559091 0.052953 0.463636
1 0.840122 0.568182 0.046843 0.500000
9 0.899185 0.590909 0.050916 0.581818
5 0.958248 0.600000 0.063136 0.472727
