22 0.058036 0.506579 0.057738 0.453947
27 0.115179 0.481908 0.052976 0.417763
17 0.167560 0.490132 0.054167 0.421053
27 0.220536 0.509868 0.054167 0.434211
30 0.271726 0.490132 0.050595 0.447368
5 0.324107 0.516447 0.048214 0.460526
8 0.375298 0.491776 0.047024 0.470395
7 0.430357 0.537829 0.058333 0.516447
0 0.481548 0.531250 0.046429 0.529605
20 0.531845 0.526316 0.052976 0.552632
25 0.584821 0.524671 0.050595 0.503289
1 0.638690 0.567434 0.039286 0.588816
0 0.691071 0.565789 0.058333 0.546053
1 0.742262 0.544408 0.036905 0.516447
3 0.796726 0.562500 0.051786 0.513158
5 0.847024 0.578947 0.051190 0.546053
0 0.905060 0.567434 0.050595 0.503289
