22 0.146897 0.525714 0.048276 0.308571
27 0.193793 0.531429 0.042759 0.320000
17 0.239310 0.528571 0.045517 0.314286
27 0.279310 0.534286 0.037241 0.291429
30 0.322759 0.528571 0.049655 0.360000
5 0.370345 0.565714 0.045517 0.320000
8 0.413793 0.568571 0.038621 0.302857
7 0.459310 0.577143 0.041379 0.354286
0 0.502759 0.580000 0.034483 0.325714
20 0.542759 0.568571 0.045517 0.280000
25 0.587586 0.582857 0.044138 0.320000
1 0.631034 0.571429 0.028966 0.342857
0 0.674483 0.608571 0.046897 0.337143
1 0.723448 0.602857 0.037241 0.371429
3 0.765517 0.602857 0.041379 0.302857
6 0.806207 0.651429 0.040000 0.388571
9 0.851034 0.637143 0.041379 0.417143
