22 0.037545 0.359223 0.063170 0.330097
27 0.097735 0.361650 0.057211 0.354369
17 0.160906 0.368932 0.064362 0.349515
27 0.226460 0.366505 0.061979 0.364078
32 0.288439 0.366505 0.059595 0.402913
2 0.349821 0.381068 0.051251 0.402913
8 0.404648 0.368932 0.053635 0.388350
5 0.467819 0.361650 0.063170 0.344660
0 0.523242 0.378641 0.047676 0.368932
20 0.575089 0.381068 0.056019 0.383495
25 0.632896 0.381068 0.059595 0.422330
0 0.696067 0.393204 0.050060 0.368932
6 0.749702 0.398058 0.054827 0.398058
2 0.805721 0.383495 0.054827 0.436893
1 0.866508 0.378641 0.040524 0.417476
8 0.921931 0.378641 0.058403 0.417476
1 0.975566 0.385922 0.032181 0.461165
