22 0.161074 0.548387 0.050336 0.247312
27 0.208054 0.529570 0.043624 0.209677
17 0.255034 0.521505 0.043624 0.204301
27 0.298658 0.510753 0.043624 0.225806
32 0.345638 0.510753 0.043624 0.225806
6 0.390101 0.505376 0.041946 0.215054
8 0.433725 0.502688 0.041946 0.231183
3 0.479027 0.502688 0.041946 0.241935
0 0.520134 0.505376 0.040268 0.279570
20 0.562919 0.494624 0.041946 0.225806
25 0.609060 0.500000 0.046980 0.247312
1 0.651007 0.483871 0.036913 0.236559
0 0.695470 0.489247 0.045302 0.268817
2 0.736577 0.483871 0.040268 0.236559
5 0.780201 0.473118 0.046980 0.258065
1 0.822148 0.500000 0.030201 0.290323
2 0.870805 0.491935 0.060403 0.252688
