22 0.038280 0.510676 0.055515 0.843416
27 0.096335 0.466192 0.055515 0.825623
17 0.158563 0.500000 0.064586 0.822064
27 0.214260 0.494662 0.051161 0.854093
32 0.277758 0.505338 0.055515 0.875445
6 0.336538 0.471530 0.051161 0.900356
8 0.396771 0.471530 0.057692 0.921708
3 0.454100 0.492883 0.045356 0.900356
0 0.509434 0.489324 0.052250 0.843416
20 0.570210 0.505338 0.053338 0.854093
25 0.628084 0.480427 0.050798 0.953737
1 0.684688 0.489324 0.042090 0.957295
0 0.744739 0.482206 0.055515 0.879004
3 0.800980 0.460854 0.045356 0.836299
0 0.857221 0.521352 0.053338 0.957295
6 0.915639 0.533808 0.059144 0.932384
2 0.971880 0.544484 0.051887 0.911032
