22 0.040452 0.574899 0.060207 0.421053
27 0.101129 0.574899 0.057385 0.437247
17 0.164628 0.576923 0.063970 0.400810
27 0.222954 0.566802 0.050800 0.421053
32 0.284572 0.540486 0.057385 0.376518
2 0.349953 0.595142 0.052681 0.364372
8 0.405456 0.580972 0.047037 0.400810
5 0.461900 0.585020 0.056444 0.425101
0 0.518344 0.574899 0.052681 0.364372
20 0.575259 0.580972 0.051740 0.376518
25 0.632643 0.574899 0.057385 0.396761
0 0.689558 0.589069 0.048918 0.384615
6 0.741298 0.574899 0.052681 0.372470
2 0.800564 0.580972 0.052681 0.400810
1 0.849483 0.574899 0.045155 0.412955
9 0.904516 0.587045 0.051740 0.429150
1 0.960489 0.605263 0.043274 0.465587
