22 0.036635 0.563433 0.062415 0.529851
27 0.099050 0.559701 0.059701 0.567164
17 0.168928 0.544776 0.063772 0.552239
27 0.229308 0.548507 0.062415 0.604478
32 0.297151 0.496269 0.062415 0.529851
2 0.359566 0.537313 0.051560 0.597015
8 0.419267 0.514925 0.051560 0.567164
5 0.474898 0.496269 0.056988 0.529851
0 0.535278 0.473881 0.055631 0.485075
20 0.590909 0.466418 0.052917 0.559701
25 0.645183 0.458955 0.050204 0.544776
0 0.705563 0.451493 0.048847 0.559701
6 0.757123 0.455224 0.056988 0.582090
2 0.815468 0.470149 0.046133 0.552239
1 0.869064 0.514925 0.042062 0.716418
6 0.920624 0.458955 0.058345 0.574627
6 0.974898 0.541045 0.050204 0.694030
