22 0.040000 0.367133 0.064516 0.608392
27 0.105161 0.367133 0.063226 0.622378
17 0.170323 0.374126 0.067097 0.636364
27 0.236129 0.342657 0.059355 0.573427
32 0.300645 0.328671 0.067097 0.573427
2 0.361290 0.353147 0.059355 0.678322
8 0.425806 0.409091 0.056774 0.594406
5 0.485161 0.391608 0.059355 0.587413
0 0.546452 0.402098 0.050323 0.608392
20 0.600000 0.381119 0.049032 0.552448
25 0.655484 0.423077 0.056774 0.664336
0 0.713548 0.381119 0.051613 0.538462
6 0.769032 0.419580 0.059355 0.573427
2 0.827097 0.444056 0.046452 0.594406
2 0.876129 0.440559 0.051613 0.671329
0 0.932258 0.437063 0.042581 0.636364
1 0.976129 0.472028 0.040000 0.650350
