22 0.033843 0.604938 0.054585 0.592593
27 0.090611 0.574074 0.058952 0.530864
17 0.151747 0.567901 0.063319 0.518519
27 0.211790 0.561728 0.061135 0.530864
32 0.277293 0.543210 0.061135 0.518519
2 0.335153 0.580247 0.054585 0.592593
8 0.391921 0.580247 0.058952 0.592593
5 0.447598 0.549383 0.052402 0.580247
0 0.507642 0.586420 0.054585 0.580247
20 0.564410 0.586420 0.050218 0.629630
25 0.621179 0.543210 0.054585 0.567901
0 0.683406 0.543210 0.052402 0.567901
6 0.742358 0.549383 0.056769 0.555556
2 0.803493 0.574074 0.061135 0.604938
1 0.858079 0.567901 0.039301 0.617284
9 0.909389 0.555556 0.050218 0.641975
5 0.968341 0.555556 0.054585 0.617284
