22 0.128092 0.660448 0.051237 0.365672
27 0.177562 0.652985 0.044170 0.365672
17 0.227915 0.641791 0.053004 0.373134
27 0.276502 0.619403 0.040636 0.343284
32 0.323322 0.619403 0.042403 0.373134
1 0.369258 0.611940 0.038869 0.402985
8 0.423145 0.604478 0.047703 0.388060
8 0.469965 0.578358 0.042403 0.365672
0 0.515901 0.585821 0.045936 0.350746
20 0.560954 0.570896 0.051237 0.395522
25 0.610424 0.548507 0.044170 0.350746
0 0.662544 0.559701 0.042403 0.343284
5 0.707597 0.555970 0.051237 0.395522
0 0.755300 0.533582 0.047703 0.365672
2 0.803887 0.529851 0.045936 0.358209
5 0.846290 0.500000 0.045936 0.373134
3 0.895760 0.485075 0.045936 0.373134
