22 0.077041 0.580925 0.062245 0.537572
27 0.135714 0.557803 0.053061 0.491329
17 0.196429 0.540462 0.060204 0.526012
27 0.257143 0.540462 0.059184 0.526012
32 0.317347 0.526012 0.057143 0.543353
1 0.368878 0.508671 0.039796 0.566474
8 0.421429 0.505780 0.051020 0.537572
8 0.472449 0.500000 0.048980 0.572254
0 0.525000 0.494220 0.052041 0.537572
20 0.576531 0.485549 0.046939 0.566474
25 0.625000 0.476879 0.047959 0.549133
0 0.670408 0.447977 0.046939 0.549133
5 0.719898 0.430636 0.052041 0.479769
0 0.768367 0.459538 0.042857 0.514451
2 0.813265 0.445087 0.046939 0.520231
5 0.860714 0.427746 0.041837 0.485549
6 0.914796 0.419075 0.060204 0.491329
