22 0.036941 0.439306 0.061394 0.531792
27 0.097294 0.433526 0.057232 0.508671
17 0.160770 0.421965 0.065557 0.462428
27 0.222685 0.442197 0.058273 0.491329
32 0.287201 0.424855 0.062435 0.479769
2 0.347034 0.447977 0.055151 0.537572
8 0.404266 0.430636 0.053070 0.595376
5 0.459938 0.442197 0.056191 0.502890
0 0.521852 0.485549 0.055151 0.554913
20 0.579605 0.465318 0.054110 0.537572
25 0.637357 0.465318 0.053070 0.572254
0 0.694589 0.476879 0.055151 0.537572
6 0.747659 0.468208 0.050989 0.485549
2 0.804891 0.473988 0.061394 0.508671
1 0.860042 0.482659 0.036420 0.526012
8 0.918314 0.471098 0.053070 0.526012
7 0.975026 0.502890 0.043704 0.578035
