22 0.092391 0.577540 0.063043 0.491979
27 0.155978 0.580214 0.059783 0.508021
17 0.215761 0.569519 0.059783 0.475936
27 0.271196 0.585561 0.051087 0.508021
32 0.327174 0.582888 0.054348 0.534759
1 0.380978 0.593583 0.040217 0.598930
8 0.436413 0.598930 0.053261 0.556150
8 0.490217 0.598930 0.052174 0.577540
0 0.541304 0.604278 0.045652 0.438503
20 0.586413 0.609626 0.044565 0.459893
25 0.633696 0.596257 0.045652 0.486631
0 0.682065 0.620321 0.048913 0.406417
5 0.728804 0.620321 0.044565 0.427807
0 0.777717 0.620321 0.048913 0.417112
2 0.821196 0.657754 0.040217 0.491979
6 0.859239 0.617647 0.044565 0.433155
0 0.909783 0.617647 0.056522 0.433155
