22 0.035036 0.647368 0.055575 0.636842
27 0.092855 0.630263 0.060062 0.702632
17 0.158095 0.622368 0.063514 0.739474
27 0.216949 0.618421 0.056955 0.763158
30 0.277701 0.542105 0.060407 0.678947
5 0.339489 0.582895 0.054884 0.728947
8 0.396272 0.540789 0.047635 0.765789
9 0.453055 0.548684 0.041077 0.713158
0 0.514843 0.528947 0.055575 0.789474
20 0.571108 0.477632 0.052123 0.755263
25 0.627891 0.477632 0.054539 0.702632
1 0.682430 0.477632 0.047635 0.755263
0 0.741457 0.452632 0.047635 0.805263
2 0.802209 0.472368 0.060062 0.797368
3 0.857266 0.418421 0.052123 0.721053
4 0.906800 0.353947 0.046945 0.660526
3 0.959096 0.401316 0.051433 0.739474
