22 0.128811 0.573333 0.059451 0.333333
27 0.185213 0.560000 0.047256 0.360000
17 0.237043 0.533333 0.050305 0.346667
27 0.285823 0.536667 0.047256 0.353333
30 0.336890 0.513333 0.051829 0.346667
5 0.391768 0.506667 0.048780 0.360000
8 0.444360 0.526667 0.047256 0.400000
7 0.492378 0.493333 0.045732 0.360000
0 0.540396 0.486667 0.050305 0.333333
20 0.590701 0.486667 0.050305 0.386667
25 0.641768 0.500000 0.048780 0.413333
1 0.692835 0.483333 0.035061 0.406667
0 0.750762 0.490000 0.050305 0.353333
1 0.802591 0.463333 0.044207 0.446667
6 0.851372 0.466667 0.050305 0.480000
6 0.905488 0.446667 0.051829 0.440000
5 0.958841 0.426667 0.051829 0.413333
