22 0.085523 0.666667 0.052133 0.512821
27 0.136364 0.675824 0.049548 0.567766
17 0.190651 0.661172 0.052133 0.633700
27 0.241060 0.652015 0.048686 0.637363
30 0.294485 0.666667 0.046101 0.666667
5 0.349418 0.613553 0.047393 0.597070
8 0.400474 0.558608 0.045239 0.626374
7 0.450883 0.554945 0.041792 0.619048
0 0.502585 0.551282 0.047824 0.743590
20 0.550194 0.521978 0.043085 0.626374
25 0.599957 0.498168 0.052133 0.542125
1 0.647781 0.565934 0.038346 0.714286
0 0.704869 0.478022 0.050840 0.633700
1 0.756570 0.478022 0.038776 0.597070
3 0.806980 0.512821 0.042223 0.644689
5 0.859112 0.478022 0.053425 0.633700
7 0.913184 0.459707 0.052133 0.714286
