22 0.036396 0.496479 0.060859 0.598592
27 0.098449 0.485915 0.056086 0.605634
17 0.162291 0.485915 0.062053 0.563380
27 0.224940 0.492958 0.058473 0.563380
32 0.290573 0.514085 0.051313 0.591549
2 0.346659 0.510563 0.060859 0.584507
8 0.408115 0.507042 0.054893 0.591549
5 0.467780 0.510563 0.054893 0.584507
0 0.526253 0.545775 0.050119 0.598592
20 0.579952 0.531690 0.047733 0.556338
25 0.634845 0.542254 0.062053 0.507042
0 0.694511 0.563380 0.052506 0.549296
6 0.748807 0.545775 0.048926 0.570423
2 0.801313 0.563380 0.051313 0.563380
1 0.855609 0.559859 0.042959 0.598592
7 0.909308 0.595070 0.047733 0.598592
7 0.966587 0.630282 0.050119 0.711268
