22 0.030928 0.515358 0.051928 0.853242
27 0.085529 0.484642 0.054983 0.853242
17 0.145666 0.438567 0.058419 0.843003
27 0.203895 0.520478 0.054219 0.802048
30 0.267278 0.484642 0.054983 0.832765
5 0.326842 0.464164 0.054983 0.750853
8 0.382398 0.474403 0.049255 0.771331
9 0.436426 0.489761 0.049637 0.843003
0 0.498091 0.459044 0.049255 0.822526
20 0.553074 0.474403 0.056128 0.853242
25 0.613211 0.459044 0.052692 0.822526
1 0.672776 0.469283 0.043528 0.802048
0 0.731195 0.479522 0.052692 0.802048
2 0.794005 0.484642 0.050783 0.853242
3 0.852425 0.453925 0.050783 0.771331
3 0.912944 0.464164 0.057274 0.791809
3 0.972509 0.465870 0.054983 0.815700
