22 0.027566 0.566540 0.052231 0.844106
27 0.085419 0.553232 0.059122 0.817490
17 0.144904 0.522814 0.053319 0.901141
27 0.201487 0.517110 0.055495 0.866920
32 0.265143 0.517110 0.060210 0.866920
3 0.325716 0.500000 0.047878 0.923954
8 0.380667 0.498099 0.051143 0.950570
6 0.439971 0.519011 0.051505 0.961977
0 0.498005 0.519011 0.047878 0.961977
20 0.554226 0.530418 0.053682 0.939163
25 0.610265 0.519011 0.056946 0.961977
0 0.675553 0.541825 0.051143 0.916350
4 0.732680 0.541825 0.047878 0.916350
0 0.792891 0.524715 0.054407 0.950570
0 0.853645 0.511407 0.058397 0.977186
7 0.910229 0.519011 0.046790 0.961977
8 0.968263 0.536122 0.056221 0.927757
