22 0.078840 0.599010 0.052560 0.544554
27 0.134130 0.586634 0.051195 0.599010
17 0.190785 0.566832 0.056655 0.608911
27 0.246758 0.576733 0.049829 0.678218
32 0.300000 0.519802 0.051195 0.584158
1 0.351536 0.549505 0.038225 0.673267
8 0.405461 0.569307 0.061433 0.712871
7 0.465529 0.574257 0.051877 0.673267
0 0.519454 0.579208 0.049147 0.673267
20 0.568259 0.539604 0.051195 0.673267
25 0.618771 0.571782 0.044369 0.737624
0 0.672355 0.500000 0.055973 0.722772
8 0.729010 0.559406 0.050512 0.663366
3 0.780546 0.544554 0.048464 0.712871
9 0.833106 0.594059 0.055290 0.782178
1 0.882935 0.574257 0.044369 0.772277
3 0.937543 0.559406 0.058020 0.762376
