22 0.037158 0.443694 0.069100 0.427928
27 0.104954 0.472973 0.063885 0.468468
17 0.174055 0.488739 0.069100 0.409910
27 0.240548 0.511261 0.061278 0.436937
32 0.301825 0.486486 0.056063 0.396396
6 0.362451 0.538288 0.059974 0.355856
8 0.423729 0.556306 0.062581 0.391892
3 0.483703 0.583333 0.057366 0.418919
0 0.541721 0.581081 0.048240 0.378378
20 0.595176 0.596847 0.061278 0.418919
25 0.653194 0.612613 0.057366 0.441441
1 0.702086 0.630631 0.043025 0.432432
0 0.762712 0.653153 0.059974 0.423423
2 0.816167 0.684685 0.046936 0.477477
5 0.866362 0.700450 0.050847 0.445946
0 0.914602 0.709459 0.043025 0.418919
6 0.963494 0.711712 0.054759 0.423423
