22 0.081682 0.641026 0.060060 0.505495
27 0.138138 0.633700 0.055255 0.490842
17 0.190991 0.609890 0.051652 0.553114
27 0.245345 0.624542 0.060661 0.553114
30 0.297598 0.586081 0.047447 0.490842
5 0.351952 0.598901 0.054054 0.560440
8 0.403604 0.582418 0.044444 0.578755
7 0.453153 0.571429 0.051051 0.586081
0 0.509610 0.582418 0.049850 0.483516
20 0.558258 0.560440 0.052252 0.527473
25 0.613814 0.540293 0.058859 0.567766
1 0.662462 0.564103 0.036036 0.600733
0 0.718018 0.549451 0.054655 0.586081
1 0.768168 0.551282 0.037237 0.641026
3 0.818318 0.516484 0.051051 0.571429
5 0.874775 0.536630 0.053453 0.611722
0 0.930931 0.532967 0.048048 0.597070
