22 0.033527 0.481538 0.051317 0.790769
27 0.087752 0.486154 0.052343 0.800000
17 0.150530 0.450769 0.054738 0.790769
27 0.211940 0.507692 0.063975 0.843077
30 0.270783 0.492308 0.055765 0.812308
5 0.330653 0.518462 0.057133 0.840000
8 0.390523 0.532308 0.048922 0.892308
9 0.445775 0.501538 0.054738 0.892308
0 0.504961 0.533846 0.047896 0.852308
20 0.557475 0.507692 0.050291 0.923077
25 0.619569 0.527692 0.048580 0.944615
1 0.678926 0.476923 0.040027 0.923077
0 0.740677 0.507692 0.058159 0.923077
2 0.796442 0.544615 0.044475 0.892308
3 0.854430 0.549231 0.055765 0.901538
3 0.908655 0.547692 0.054738 0.861538
3 0.967670 0.538462 0.058502 0.923077
