22 0.141340 0.575916 0.050654 0.230366
27 0.183824 0.560209 0.040850 0.219895
17 0.235294 0.562827 0.045752 0.277487
27 0.281046 0.549738 0.045752 0.240838
32 0.327614 0.544503 0.044118 0.230366
6 0.373366 0.562827 0.044118 0.246073
8 0.421569 0.554974 0.042484 0.240838
3 0.465686 0.557592 0.039216 0.246073
0 0.508987 0.557592 0.044118 0.235602
20 0.550654 0.552356 0.045752 0.246073
25 0.595588 0.557592 0.047386 0.246073
1 0.641340 0.552356 0.027778 0.256545
0 0.687908 0.549738 0.042484 0.261780
2 0.731209 0.570681 0.040850 0.282723
5 0.772876 0.554974 0.049020 0.272251
1 0.815359 0.534031 0.035948 0.230366
4 0.856209 0.534031 0.049020 0.261780
