22 0.028164 0.531457 0.054825 0.791391
27 0.083928 0.526490 0.049944 0.801325
17 0.150582 0.557947 0.060083 0.844371
27 0.205595 0.536424 0.052197 0.841060
30 0.269996 0.521523 0.055576 0.711921
5 0.326887 0.511589 0.051446 0.751656
8 0.385468 0.516556 0.056703 0.880795
9 0.447615 0.511589 0.048817 0.890728
0 0.503755 0.531457 0.054450 0.791391
20 0.560834 0.548013 0.052197 0.864238
25 0.619977 0.506623 0.057078 0.821192
1 0.671423 0.538079 0.036801 0.923841
0 0.733759 0.506623 0.070597 0.880795
2 0.792903 0.513245 0.047691 0.933775
3 0.855802 0.548013 0.053323 0.903974
2 0.911378 0.518212 0.054825 0.963576
5 0.966767 0.567881 0.049944 0.864238
