22 0.029627 0.555556 0.054636 0.841751
27 0.090035 0.520202 0.053097 0.771044
17 0.151212 0.535354 0.053097 0.801347
27 0.211812 0.510101 0.049634 0.831650
32 0.272412 0.500000 0.048480 0.791246
3 0.333975 0.479798 0.050019 0.656566
8 0.388419 0.515152 0.054252 0.781145
6 0.449981 0.520202 0.048865 0.831650
0 0.510004 0.518519 0.051174 0.734007
20 0.565410 0.530303 0.046556 0.811448
25 0.621970 0.489899 0.046556 0.771044
0 0.681993 0.505051 0.053482 0.861953
4 0.743940 0.557239 0.045787 0.885522
0 0.802424 0.526936 0.047326 0.946128
0 0.860139 0.537037 0.049634 0.925926
6 0.915737 0.547138 0.047711 0.905724
8 0.966141 0.552189 0.046172 0.895623
