22 0.045285 0.623077 0.060691 0.507692
27 0.107376 0.617949 0.061625 0.538462
17 0.170868 0.589744 0.054155 0.543590
27 0.233427 0.574359 0.054155 0.492308
32 0.294118 0.551282 0.050420 0.548718
6 0.352941 0.528205 0.050420 0.482051
8 0.408964 0.500000 0.050420 0.487179
3 0.464986 0.456410 0.046685 0.492308
0 0.523343 0.479487 0.049486 0.497436
20 0.575630 0.461538 0.053221 0.471795
25 0.632120 0.425641 0.050420 0.471795
1 0.684874 0.384615 0.034547 0.471795
0 0.738095 0.394872 0.049486 0.482051
2 0.788982 0.402564 0.046685 0.497436
4 0.839402 0.379487 0.041083 0.461538
9 0.889356 0.369231 0.045752 0.543590
8 0.946312 0.379487 0.051354 0.564103
