22 0.074754 0.529255 0.057296 0.590426
27 0.138541 0.511968 0.065801 0.518617
17 0.206132 0.489362 0.055953 0.457447
27 0.264996 0.535904 0.057296 0.550532
30 0.328111 0.486702 0.058192 0.478723
5 0.386303 0.498670 0.049239 0.518617
8 0.440689 0.506649 0.043420 0.518617
7 0.496643 0.525266 0.052372 0.545213
0 0.549687 0.531915 0.044763 0.585106
20 0.601835 0.515957 0.046106 0.537234
25 0.654879 0.515957 0.049239 0.484043
1 0.705461 0.525266 0.035810 0.598404
0 0.754700 0.511968 0.049239 0.465426
1 0.808415 0.546543 0.035810 0.571809
3 0.850269 0.515957 0.037153 0.553191
5 0.899060 0.513298 0.051477 0.478723
7 0.949418 0.526596 0.049239 0.531915
