22 0.038074 0.514388 0.051512 0.582734
27 0.102464 0.525180 0.059351 0.546763
17 0.166293 0.539568 0.054871 0.604317
27 0.231243 0.546763 0.059351 0.589928
32 0.295633 0.557554 0.055991 0.640288
2 0.354423 0.546763 0.050392 0.561151
8 0.411534 0.550360 0.050392 0.597122
5 0.472004 0.535971 0.054871 0.640288
0 0.529115 0.553957 0.054871 0.604317
20 0.583427 0.553957 0.051512 0.575540
25 0.639978 0.561151 0.054871 0.647482
0 0.703247 0.604317 0.051512 0.690647
6 0.758119 0.546763 0.049272 0.546763
2 0.814670 0.575540 0.050392 0.589928
1 0.868421 0.618705 0.039194 0.676259
9 0.923852 0.625899 0.044793 0.733813
3 0.971445 0.586331 0.050392 0.654676
