22 0.033262 0.572165 0.049356 0.463918
25 0.089056 0.536082 0.057940 0.412371
17 0.146996 0.536082 0.062232 0.412371
27 0.203863 0.536082 0.047210 0.453608
32 0.263948 0.494845 0.064378 0.412371
2 0.322961 0.494845 0.045064 0.494845
8 0.376609 0.500000 0.053648 0.422680
5 0.434549 0.520619 0.057940 0.443299
0 0.491416 0.505155 0.055794 0.453608
20 0.547210 0.489691 0.055794 0.463918
25 0.606223 0.494845 0.062232 0.432990
0 0.667382 0.474227 0.051502 0.412371
6 0.727468 0.438144 0.051502 0.422680
2 0.784335 0.443299 0.053648 0.453608
1 0.845494 0.453608 0.038627 0.536082
7 0.903433 0.458763 0.051502 0.484536
6 0.960300 0.438144 0.053648 0.463918
