22 0.063243 0.560976 0.061969 0.422764
27 0.126486 0.544715 0.059423 0.406504
17 0.189304 0.514228 0.059423 0.418699
27 0.241511 0.461382 0.055178 0.386179
32 0.304329 0.443089 0.056876 0.455285
6 0.364177 0.430894 0.045840 0.422764
8 0.418506 0.380081 0.054329 0.394309
3 0.472835 0.369919 0.052632 0.414634
0 0.524618 0.361789 0.050934 0.382114
20 0.574278 0.310976 0.048387 0.329268
25 0.627759 0.306911 0.048387 0.369919
1 0.678268 0.302846 0.044143 0.475610
0 0.725806 0.239837 0.047538 0.357724
2 0.775042 0.260163 0.050934 0.390244
4 0.824703 0.239837 0.043294 0.390244
9 0.875637 0.233740 0.046689 0.410569
6 0.924024 0.199187 0.050085 0.390244
