22 0.030195 0.507042 0.051388 0.830986
27 0.084771 0.512324 0.053263 0.862676
17 0.147787 0.496479 0.059265 0.788732
27 0.204614 0.496479 0.049887 0.809859
30 0.262753 0.496479 0.054389 0.830986
5 0.321268 0.491197 0.053638 0.820423
8 0.375844 0.470070 0.051013 0.820423
9 0.437734 0.475352 0.054764 0.873239
0 0.491748 0.522887 0.051013 0.947183
20 0.547449 0.485915 0.051388 0.873239
25 0.603151 0.454225 0.051013 0.809859
1 0.663353 0.501761 0.053638 0.904930
0 0.726932 0.501761 0.053263 0.926056
2 0.788447 0.501761 0.057764 0.904930
3 0.845649 0.496479 0.047637 0.873239
4 0.901538 0.517606 0.054389 0.852113
4 0.965116 0.470070 0.057014 0.862676
