22 0.040387 0.440000 0.064846 0.720000
27 0.104664 0.420000 0.056883 0.744000
17 0.169511 0.436000 0.061433 0.728000
27 0.230375 0.436000 0.060296 0.760000
32 0.298066 0.424000 0.061433 0.720000
2 0.359499 0.412000 0.054608 0.712000
8 0.418089 0.408000 0.060296 0.736000
5 0.478385 0.452000 0.062571 0.776000
0 0.537543 0.420000 0.053470 0.744000
20 0.591013 0.392000 0.053470 0.688000
25 0.646758 0.392000 0.058020 0.688000
0 0.706485 0.392000 0.050057 0.688000
6 0.758248 0.416000 0.053470 0.752000
2 0.813993 0.392000 0.048919 0.720000
2 0.867463 0.404000 0.053470 0.728000
0 0.921502 0.388000 0.050057 0.728000
1 0.971559 0.436000 0.043231 0.808000
