22 0.113831 0.562271 0.058752 0.318681
27 0.176867 0.573260 0.059976 0.347985
17 0.238678 0.582418 0.058752 0.366300
27 0.299878 0.591575 0.056304 0.326007
32 0.359241 0.597070 0.055080 0.329670
6 0.416157 0.611722 0.056304 0.351648
8 0.470624 0.620879 0.050184 0.340659
3 0.522644 0.631868 0.056304 0.340659
0 0.574051 0.650183 0.048960 0.347985
20 0.624847 0.644689 0.047736 0.329670
25 0.676255 0.650183 0.047736 0.333333
1 0.719094 0.652015 0.030600 0.344322
0 0.764382 0.681319 0.050184 0.344322
2 0.812118 0.683150 0.047736 0.347985
5 0.859241 0.686813 0.044064 0.355311
2 0.901469 0.684982 0.042840 0.300366
2 0.949816 0.677656 0.056304 0.315018
