22 0.090909 0.614583 0.054706 0.437500
27 0.148029 0.611111 0.054706 0.444444
17 0.205551 0.578704 0.051488 0.444444
27 0.260257 0.553241 0.051488 0.509259
30 0.318182 0.540509 0.051488 0.469907
5 0.372888 0.504630 0.049075 0.412037
8 0.427393 0.479167 0.050282 0.412037
7 0.479284 0.428241 0.047064 0.490741
0 0.530169 0.428241 0.054706 0.449074
20 0.583065 0.415509 0.044650 0.474537
25 0.631134 0.418981 0.049075 0.495370
1 0.680410 0.406250 0.033387 0.520833
0 0.732904 0.402778 0.049075 0.462963
1 0.781376 0.388889 0.036605 0.578704
3 0.828439 0.299769 0.039019 0.423611
5 0.873693 0.296296 0.051488 0.444444
9 0.926589 0.309028 0.047868 0.469907
