22 0.038868 0.435849 0.055094 0.433962
27 0.094717 0.420755 0.056604 0.403774
17 0.152075 0.437736 0.061132 0.430189
27 0.210189 0.447170 0.055094 0.433962
30 0.272453 0.450943 0.054340 0.411321
5 0.325660 0.462264 0.052075 0.433962
8 0.385283 0.496226 0.053585 0.388679
6 0.443396 0.528302 0.055094 0.460377
0 0.505283 0.530189 0.050566 0.479245
20 0.557736 0.541509 0.049811 0.441509
25 0.615472 0.543396 0.059623 0.430189
0 0.676226 0.537736 0.057358 0.471698
6 0.732075 0.588679 0.051321 0.407547
0 0.790189 0.579245 0.061887 0.411321
2 0.848302 0.590566 0.054340 0.456604
0 0.907170 0.596226 0.052830 0.467925
0 0.965283 0.620755 0.054340 0.433962
