22 0.033888 0.302222 0.063020 0.408889
27 0.096314 0.331111 0.059453 0.351111
17 0.165874 0.366667 0.063020 0.386667
27 0.227111 0.386667 0.054697 0.391111
32 0.293103 0.422222 0.060642 0.391111
2 0.354340 0.466667 0.049941 0.391111
8 0.413793 0.500000 0.042806 0.377778
5 0.472652 0.520000 0.063020 0.391111
0 0.531510 0.564444 0.049941 0.364444
20 0.587396 0.582222 0.061831 0.364444
25 0.646254 0.648889 0.053508 0.444444
0 0.704518 0.660000 0.055886 0.431111
6 0.758621 0.686667 0.049941 0.413333
2 0.815696 0.733333 0.054697 0.391111
1 0.868609 0.760000 0.041617 0.435556
9 0.922117 0.795556 0.055886 0.408889
5 0.975030 0.797778 0.049941 0.377778
