22 0.040644 0.256579 0.062883 0.337719
27 0.105828 0.285088 0.061350 0.394737
17 0.174847 0.342105 0.064417 0.385965
27 0.240031 0.361842 0.056748 0.355263
32 0.304448 0.385965 0.065951 0.315789
2 0.370399 0.449561 0.053681 0.320175
8 0.430215 0.469298 0.056748 0.377193
5 0.489264 0.497807 0.055215 0.320175
0 0.549080 0.539474 0.058282 0.315789
20 0.605061 0.589912 0.053681 0.355263
25 0.659509 0.596491 0.055215 0.324561
0 0.717025 0.642544 0.053681 0.293860
6 0.775307 0.666667 0.053681 0.350877
2 0.827454 0.692982 0.050613 0.315789
1 0.878834 0.743421 0.046012 0.355263
9 0.929448 0.785088 0.049080 0.394737
3 0.977761 0.789474 0.044479 0.350877
