22 0.088259 0.378882 0.064777 0.416149
27 0.153441 0.394410 0.059109 0.422360
17 0.223077 0.425466 0.059109 0.422360
27 0.283806 0.458075 0.052632 0.400621
30 0.348583 0.484472 0.065587 0.440994
5 0.411336 0.524845 0.055061 0.409938
8 0.464777 0.563665 0.055061 0.375776
7 0.519028 0.579193 0.048583 0.388199
0 0.569636 0.622671 0.046154 0.363354
20 0.616599 0.647516 0.046154 0.431677
25 0.671660 0.689441 0.060729 0.416149
1 0.719838 0.726708 0.034008 0.403727
0 0.769231 0.748447 0.051822 0.354037
1 0.810526 0.760870 0.029150 0.372671
3 0.851417 0.765528 0.047773 0.381988
7 0.896761 0.788820 0.041296 0.366460
3 0.938462 0.812112 0.045344 0.369565
