22 0.078691 0.471014 0.068966 0.507246
27 0.139699 0.475845 0.056587 0.487923
17 0.202034 0.456522 0.059240 0.439614
27 0.258621 0.451691 0.055703 0.449275
32 0.322723 0.456522 0.061892 0.439614
6 0.374005 0.442029 0.042440 0.420290
8 0.425729 0.444444 0.061008 0.425121
3 0.482759 0.422705 0.049514 0.410628
0 0.535367 0.415459 0.052166 0.415459
20 0.584881 0.408213 0.046861 0.400966
25 0.636605 0.400966 0.047745 0.454106
1 0.686561 0.398551 0.032714 0.497585
0 0.738285 0.398551 0.058355 0.468599
2 0.788683 0.369565 0.042440 0.391304
5 0.835544 0.357488 0.045977 0.396135
0 0.885057 0.367150 0.049514 0.444444
2 0.935013 0.362319 0.050398 0.473430
