22 0.029627 0.508562 0.052328 0.825342
27 0.087341 0.477740 0.054636 0.743151
17 0.150058 0.457192 0.055406 0.743151
27 0.209504 0.472603 0.061177 0.773973
32 0.272990 0.467466 0.051943 0.722603
1 0.328203 0.493151 0.038476 0.753425
8 0.387841 0.482877 0.053097 0.732877
4 0.447287 0.493151 0.047326 0.712329
0 0.505579 0.488014 0.050789 0.702055
20 0.559254 0.503425 0.056560 0.856164
25 0.619854 0.472603 0.055406 0.773973
0 0.678723 0.482877 0.048480 0.753425
6 0.740862 0.498288 0.048865 0.804795
2 0.799154 0.482877 0.047711 0.753425
5 0.852443 0.446918 0.054252 0.763699
6 0.907849 0.457192 0.051943 0.866438
5 0.970181 0.472603 0.058869 0.753425
