22 0.032207 0.569264 0.049304 0.861472
27 0.088072 0.549784 0.052087 0.865801
17 0.150099 0.543290 0.062425 0.904762
27 0.206958 0.530303 0.048907 0.904762
32 0.268390 0.532468 0.056461 0.935065
6 0.324453 0.532468 0.050099 0.935065
8 0.384891 0.525974 0.052485 0.948052
3 0.440557 0.508658 0.048509 0.982684
0 0.500398 0.525974 0.052087 0.948052
20 0.553877 0.517316 0.054871 0.904762
25 0.612326 0.523810 0.055666 0.943723
1 0.666402 0.519481 0.045328 0.952381
0 0.732207 0.510823 0.061630 0.891775
3 0.791650 0.538961 0.048509 0.922078
0 0.850895 0.510823 0.055666 0.813853
5 0.908946 0.530303 0.055666 0.930736
8 0.965408 0.502165 0.052485 0.995671
