22 0.031250 0.577320 0.058190 0.453608
27 0.090517 0.587629 0.056034 0.474227
17 0.151940 0.572165 0.058190 0.505155
27 0.210129 0.572165 0.058190 0.443299
32 0.278017 0.582474 0.060345 0.422680
2 0.336207 0.597938 0.047414 0.453608
8 0.390086 0.608247 0.060345 0.494845
5 0.451509 0.639175 0.058190 0.515464
0 0.510776 0.649485 0.051724 0.494845
20 0.565733 0.649485 0.053879 0.515464
25 0.622845 0.675258 0.056034 0.463918
0 0.685345 0.670103 0.051724 0.432990
6 0.740302 0.680412 0.058190 0.453608
2 0.799569 0.701031 0.056034 0.453608
1 0.852371 0.716495 0.045259 0.546392
9 0.907328 0.711340 0.060345 0.577320
1 0.963362 0.721649 0.043103 0.556701
