22 0.102107 0.600000 0.045381 0.287500
27 0.150729 0.596875 0.045381 0.281250
17 0.200972 0.593750 0.048622 0.300000
27 0.248784 0.575000 0.047002 0.275000
32 0.301459 0.553125 0.045381 0.268750
1 0.348460 0.581250 0.042139 0.325000
8 0.393031 0.568750 0.040519 0.312500
8 0.434360 0.571875 0.045381 0.331250
0 0.484603 0.553125 0.048622 0.293750
20 0.530794 0.546875 0.043760 0.281250
25 0.575365 0.559375 0.045381 0.306250
0 0.623177 0.559375 0.047002 0.306250
5 0.670989 0.553125 0.042139 0.306250
0 0.713938 0.553125 0.047002 0.293750
2 0.757699 0.556250 0.037277 0.325000
5 0.800648 0.556250 0.045381 0.287500
6 0.848460 0.540625 0.050243 0.268750
