22 0.047684 0.244382 0.065395 0.432584
27 0.111717 0.258427 0.057221 0.449438
17 0.177793 0.275281 0.066757 0.449438
27 0.248638 0.306180 0.064033 0.477528
32 0.311989 0.311798 0.054496 0.477528
2 0.374659 0.353933 0.057221 0.449438
8 0.433924 0.362360 0.055858 0.443820
5 0.492507 0.398876 0.055858 0.483146
0 0.551090 0.435393 0.055858 0.488764
20 0.605586 0.452247 0.050409 0.477528
25 0.660763 0.491573 0.051771 0.477528
0 0.715940 0.502809 0.053134 0.511236
6 0.767030 0.511236 0.046322 0.438202
2 0.818801 0.536517 0.054496 0.455056
1 0.865804 0.573034 0.039510 0.516854
8 0.915531 0.570225 0.059946 0.410112
5 0.971390 0.578652 0.049046 0.415730
