22 0.037296 0.462555 0.062937 0.325991
27 0.098485 0.471366 0.061772 0.334802
17 0.166084 0.482379 0.061772 0.365639
27 0.230769 0.502203 0.060606 0.343612
32 0.291958 0.502203 0.057110 0.361233
2 0.350233 0.522026 0.052448 0.312775
8 0.411422 0.546256 0.053613 0.343612
5 0.470862 0.544053 0.058275 0.330396
0 0.529138 0.546256 0.053613 0.343612
20 0.583333 0.561674 0.047786 0.356828
25 0.640443 0.596916 0.059441 0.374449
0 0.698718 0.583700 0.054779 0.321586
6 0.752331 0.601322 0.052448 0.383260
2 0.807692 0.614537 0.053613 0.348018
1 0.863054 0.636564 0.036131 0.383260
8 0.914918 0.632159 0.055944 0.356828
7 0.967949 0.665198 0.052448 0.422907
