22 0.067813 0.678733 0.056457 0.552036
27 0.122648 0.635747 0.048021 0.502262
17 0.175211 0.588235 0.054510 0.515837
27 0.228423 0.561086 0.053212 0.524887
32 0.281635 0.536199 0.054510 0.529412
1 0.335496 0.563348 0.032446 0.583710
8 0.390006 0.547511 0.054510 0.552036
7 0.438676 0.488688 0.049319 0.579186
0 0.492862 0.500000 0.055159 0.583710
20 0.546074 0.468326 0.051265 0.565611
25 0.597015 0.443439 0.048021 0.615385
0 0.655743 0.425339 0.047372 0.606335
8 0.712849 0.438914 0.053861 0.624434
3 0.763790 0.398190 0.045425 0.615385
9 0.813108 0.382353 0.048021 0.619910
1 0.868916 0.355204 0.041531 0.619910
4 0.924400 0.334842 0.053861 0.506787
