22 0.058308 0.595745 0.046547 0.521277
27 0.102853 0.574468 0.048549 0.478723
17 0.159660 0.570479 0.058058 0.460106
27 0.212713 0.579787 0.050050 0.452128
32 0.268769 0.553191 0.049049 0.398936
1 0.320070 0.589096 0.035536 0.460106
8 0.370120 0.607713 0.051552 0.460106
7 0.428929 0.577128 0.050050 0.473404
0 0.483984 0.610372 0.049049 0.523936
20 0.535035 0.591755 0.047047 0.513298
25 0.590591 0.589096 0.058058 0.507979
0 0.648148 0.615691 0.052052 0.513298
8 0.705205 0.598404 0.059059 0.515957
3 0.760761 0.591755 0.050050 0.465426
9 0.822823 0.607713 0.067067 0.507979
1 0.883133 0.638298 0.039540 0.569149
5 0.942943 0.631649 0.066066 0.582447
