22 0.053272 0.481395 0.052852 0.488372
27 0.110319 0.446512 0.054530 0.493023
17 0.171980 0.439535 0.057047 0.460465
27 0.227768 0.423256 0.054530 0.465116
32 0.285235 0.409302 0.052013 0.474419
6 0.338926 0.395349 0.048658 0.465116
8 0.392198 0.379070 0.047819 0.423256
3 0.447987 0.376744 0.048658 0.446512
0 0.498322 0.341860 0.043624 0.460465
20 0.545302 0.320930 0.050336 0.409302
25 0.598154 0.344186 0.050336 0.437209
1 0.645973 0.325581 0.036913 0.474419
0 0.697148 0.297674 0.050336 0.474419
2 0.747903 0.311628 0.041107 0.446512
5 0.795302 0.269767 0.045302 0.437209
1 0.839765 0.309302 0.033557 0.544186
2 0.891359 0.272093 0.056208 0.460465
