10 0.035556 0.433862 0.060000 0.402116
2 0.252222 0.626984 0.048889 0.417989
0 0.301667 0.632275 0.050000 0.407407
0 0.355000 0.600529 0.052222 0.365079
6 0.407222 0.626984 0.052222 0.460317
3 0.450000 0.552910 0.048889 0.396825
9 0.502222 0.563492 0.048889 0.417989
0 0.557222 0.552910 0.054444 0.375661
2 0.626667 0.544974 0.046667 0.433862
5 0.677778 0.497354 0.055556 0.380952
1 0.728889 0.507937 0.042222 0.423280
8 0.770000 0.481481 0.042222 0.391534
22 0.039444 0.420635 0.056667 0.439153
27 0.097778 0.402116 0.057778 0.455026
17 0.165556 0.402116 0.064444 0.444444
27 0.226667 0.396825 0.057778 0.476190
32 0.296111 0.441799 0.061111 0.449735
2 0.357222 0.428571 0.054444 0.455026
8 0.417778 0.410053 0.053333 0.439153
5 0.475556 0.452381 0.060000 0.492063
0 0.537222 0.439153 0.054444 0.391534
20 0.591667 0.439153 0.050000 0.455026
25 0.645556 0.457672 0.055556 0.523810
0 0.707222 0.433862 0.050000 0.444444
6 0.755556 0.431217 0.055556 0.481481
2 0.818333 0.433862 0.043333 0.433862
1 0.867222 0.481481 0.043333 0.497354
9 0.919444 0.497354 0.050000 0.571429
5 0.973889 0.423280 0.047778 0.465608
