4 0.615079 0.488333 0.073192 0.530000
2 0.687831 0.493333 0.072310 0.520000
1 0.759259 0.515000 0.054674 0.530000
7 0.823192 0.498333 0.062610 0.496667
22 0.036155 0.725000 0.061728 0.330000
27 0.098765 0.685000 0.056437 0.336667
17 0.164462 0.653333 0.060847 0.366667
27 0.222663 0.603333 0.055556 0.340000
32 0.287478 0.565000 0.058201 0.330000
6 0.348325 0.533333 0.056437 0.346667
8 0.405644 0.496667 0.052910 0.360000
3 0.466049 0.451667 0.055556 0.336667
0 0.522046 0.425000 0.049383 0.356667
20 0.575838 0.395000 0.056437 0.390000
25 0.627866 0.348333 0.051146 0.376667
1 0.682981 0.321667 0.036155 0.396667
0 0.735891 0.283333 0.055556 0.353333
2 0.791005 0.241667 0.051146 0.316667
5 0.844797 0.193333 0.052910 0.320000
2 0.896825 0.180000 0.049383 0.306667
3 0.953704 0.166667 0.057319 0.293333
