22 0.028533 0.598485 0.046196 0.454545
27 0.074728 0.583333 0.051630 0.484848
17 0.133152 0.549242 0.051630 0.477273
27 0.183424 0.534091 0.054348 0.446970
32 0.243207 0.511364 0.054348 0.416667
2 0.298913 0.526515 0.048913 0.462121
8 0.352582 0.511364 0.058424 0.446970
5 0.412364 0.465909 0.055707 0.492424
0 0.467391 0.454545 0.054348 0.500000
20 0.521739 0.446970 0.057065 0.500000
25 0.580842 0.435606 0.058424 0.492424
0 0.645380 0.439394 0.057065 0.530303
6 0.710598 0.439394 0.062500 0.575758
2 0.773777 0.420455 0.058424 0.507576
1 0.830163 0.401515 0.048913 0.530303
5 0.894022 0.367424 0.067935 0.537879
1 0.957880 0.356061 0.043478 0.545455
