22 0.086287 0.408951 0.061011 0.404321
27 0.143231 0.398148 0.061011 0.395062
17 0.193783 0.410494 0.050552 0.438272
27 0.245497 0.430556 0.047066 0.496914
30 0.301569 0.418210 0.042998 0.422840
5 0.351249 0.439815 0.050552 0.453704
8 0.409355 0.481481 0.050552 0.462963
7 0.462231 0.464506 0.043579 0.453704
0 0.512783 0.506173 0.042417 0.462963
20 0.562173 0.513889 0.047066 0.385802
25 0.617083 0.515432 0.054619 0.432099
1 0.668797 0.535494 0.034863 0.453704
0 0.726322 0.541667 0.058106 0.453704
1 0.782684 0.580247 0.041836 0.481481
3 0.832365 0.589506 0.040093 0.475309
5 0.886113 0.598765 0.051133 0.444444
0 0.938989 0.589506 0.052295 0.475309
