22 0.033309 0.595469 0.060761 0.699029
27 0.091325 0.592233 0.054539 0.744337
17 0.154649 0.588997 0.060395 0.750809
27 0.215593 0.595469 0.059297 0.718447
30 0.274890 0.574434 0.057833 0.721683
5 0.334919 0.572816 0.056369 0.763754
8 0.394400 0.567961 0.056735 0.754045
9 0.451684 0.572816 0.051977 0.744337
0 0.506589 0.548544 0.054173 0.708738
20 0.562775 0.576052 0.056003 0.796117
25 0.623170 0.535599 0.058931 0.818770
1 0.679539 0.532362 0.049414 0.883495
0 0.741947 0.504854 0.052709 0.796117
2 0.800878 0.509709 0.046852 0.831715
3 0.860176 0.474110 0.051245 0.818770
4 0.912152 0.474110 0.054905 0.779935
4 0.972182 0.488673 0.046852 0.828479
