22 0.039522 0.439597 0.056985 0.342282
27 0.095588 0.503356 0.058824 0.536913
17 0.146140 0.496644 0.053309 0.510067
27 0.199449 0.486577 0.049632 0.516779
32 0.256434 0.416107 0.056985 0.402685
6 0.314338 0.419463 0.058824 0.422819
8 0.363971 0.392617 0.051471 0.395973
3 0.410846 0.429530 0.042279 0.483221
0 0.460478 0.412752 0.049632 0.449664
20 0.509191 0.439597 0.047794 0.449664
25 0.559743 0.426174 0.049632 0.409396
1 0.612132 0.406040 0.055147 0.302013
0 0.661765 0.409396 0.047794 0.281879
2 0.708640 0.419463 0.042279 0.328859
5 0.754596 0.416107 0.049632 0.322148
0 0.806985 0.409396 0.047794 0.295302
2 0.855699 0.409396 0.053309 0.281879
