22 0.031697 0.299270 0.055215 0.321168
27 0.085890 0.302920 0.044990 0.313869
17 0.144172 0.343066 0.055215 0.321168
27 0.199387 0.343066 0.055215 0.306569
32 0.263804 0.383212 0.053170 0.313869
2 0.317996 0.434307 0.047035 0.343066
8 0.377301 0.452555 0.047035 0.291971
5 0.433538 0.478102 0.057260 0.343066
0 0.493865 0.529197 0.051125 0.357664
20 0.550102 0.562044 0.053170 0.335766
25 0.609407 0.587591 0.053170 0.313869
0 0.668712 0.620438 0.049080 0.350365
6 0.725971 0.656934 0.053170 0.350365
2 0.786299 0.678832 0.059305 0.321168
1 0.846626 0.715328 0.044990 0.321168
5 0.904908 0.740876 0.055215 0.328467
3 0.966258 0.762774 0.051125 0.328467
