22 0.036403 0.560811 0.051392 0.554054
27 0.088865 0.560811 0.053533 0.581081
17 0.145610 0.560811 0.055675 0.581081
27 0.202355 0.560811 0.057816 0.608108
32 0.261242 0.560811 0.055675 0.635135
2 0.316916 0.554054 0.055675 0.648649
8 0.374732 0.574324 0.059957 0.635135
0 0.500000 0.574324 0.062099 0.500000
5 0.434690 0.574324 0.051392 0.635135
20 0.553533 0.574324 0.049251 0.554054
25 0.608137 0.621622 0.059957 0.621622
0 0.670236 0.601351 0.051392 0.554054
6 0.733405 0.608108 0.049251 0.594595
2 0.793362 0.641892 0.057816 0.581081
1 0.851178 0.648649 0.053533 0.702703
9 0.906852 0.655405 0.057816 0.689189
3 0.966809 0.628378 0.057816 0.662162
