22 0.045860 0.338768 0.073885 0.452899
27 0.117834 0.326087 0.059873 0.456522
17 0.189809 0.347826 0.073885 0.442029
27 0.256688 0.380435 0.057325 0.463768
32 0.326752 0.371377 0.062420 0.423913
6 0.385350 0.411232 0.052229 0.467391
8 0.445860 0.409420 0.061146 0.434783
3 0.507643 0.451087 0.059873 0.431159
0 0.563694 0.432971 0.047134 0.431159
20 0.617834 0.480072 0.056051 0.525362
25 0.668153 0.465580 0.049682 0.467391
1 0.717197 0.460145 0.053503 0.463768
0 0.768790 0.516304 0.044586 0.264493
2 0.814013 0.534420 0.045860 0.329710
5 0.860510 0.530797 0.049682 0.344203
2 0.905732 0.579710 0.038217 0.333333
3 0.951592 0.563406 0.050955 0.344203
