22 0.038613 0.294737 0.064136 0.421053
27 0.107984 0.331579 0.074607 0.463158
17 0.183901 0.352632 0.064136 0.473684
27 0.248691 0.386842 0.060209 0.478947
32 0.318063 0.434211 0.062827 0.478947
2 0.386126 0.471053 0.062827 0.436842
8 0.443063 0.505263 0.056283 0.526316
5 0.502618 0.521053 0.057592 0.494737
0 0.562173 0.544737 0.053665 0.510526
20 0.617801 0.557895 0.057592 0.547368
25 0.672775 0.584211 0.052356 0.547368
0 0.726440 0.660526 0.049738 0.489474
6 0.780759 0.681579 0.053665 0.510526
2 0.833115 0.707895 0.051047 0.415789
1 0.879581 0.744737 0.039267 0.510526
8 0.922775 0.750000 0.054974 0.436842
9 0.977094 0.765789 0.043194 0.468421
