22 0.078629 0.350427 0.064516 0.478632
27 0.140625 0.356838 0.055444 0.423077
17 0.199597 0.369658 0.052419 0.500000
27 0.254032 0.373932 0.056452 0.448718
32 0.311492 0.371795 0.050403 0.470085
6 0.365423 0.414530 0.057460 0.512821
8 0.413810 0.399573 0.047379 0.465812
3 0.465726 0.423077 0.054435 0.470085
0 0.517641 0.450855 0.045363 0.448718
20 0.570565 0.474359 0.056452 0.470085
25 0.613407 0.478632 0.045363 0.512821
1 0.661794 0.472222 0.041331 0.474359
0 0.711694 0.540598 0.048387 0.440171
2 0.759577 0.529915 0.041331 0.410256
5 0.802923 0.536325 0.045363 0.388889
2 0.843750 0.568376 0.040323 0.435897
5 0.888609 0.564103 0.049395 0.393162
