22 0.035587 0.572674 0.059312 0.470930
27 0.098458 0.555233 0.066429 0.436047
17 0.169039 0.517442 0.060498 0.465116
27 0.228351 0.531977 0.060498 0.505814
32 0.298932 0.488372 0.056940 0.441860
2 0.355872 0.494186 0.056940 0.441860
8 0.419336 0.485465 0.051008 0.447674
5 0.476868 0.473837 0.049822 0.482558
0 0.535587 0.473837 0.055753 0.447674
20 0.592527 0.470930 0.053381 0.488372
25 0.645314 0.470930 0.052195 0.488372
0 0.708778 0.470930 0.053381 0.523256
6 0.761566 0.436047 0.049822 0.523256
2 0.813760 0.433140 0.047450 0.529070
1 0.864769 0.459302 0.037960 0.593023
7 0.909253 0.470930 0.048636 0.616279
3 0.968565 0.406977 0.053381 0.488372
