22 0.078218 0.617424 0.049505 0.310606
25 0.126733 0.602273 0.051485 0.295455
17 0.180198 0.609848 0.055446 0.325758
27 0.227723 0.583333 0.047525 0.287879
32 0.282178 0.590909 0.053465 0.348485
1 0.332673 0.594697 0.035644 0.340909
8 0.383168 0.590909 0.053465 0.363636
8 0.439604 0.590909 0.051485 0.348485
0 0.490099 0.575758 0.045545 0.363636
20 0.539604 0.575758 0.053465 0.363636
25 0.591089 0.568182 0.049505 0.393939
0 0.648515 0.553030 0.049505 0.348485
5 0.699010 0.534091 0.051485 0.371212
0 0.755446 0.545455 0.049505 0.348485
2 0.811881 0.537879 0.051485 0.333333
5 0.863366 0.534091 0.047525 0.356061
6 0.917822 0.534091 0.061386 0.386364
