22 0.030021 0.548780 0.055901 0.487805
27 0.087992 0.554878 0.051760 0.524390
17 0.145963 0.560976 0.055901 0.536585
27 0.203934 0.554878 0.051760 0.524390
32 0.267081 0.548780 0.062112 0.512195
2 0.326087 0.567073 0.051760 0.548780
8 0.383023 0.554878 0.049689 0.524390
5 0.439959 0.524390 0.055901 0.536585
0 0.497930 0.536585 0.055901 0.512195
20 0.555901 0.536585 0.055901 0.512195
25 0.614907 0.512195 0.053830 0.536585
0 0.678054 0.524390 0.051760 0.536585
6 0.741201 0.542683 0.057971 0.500000
2 0.795031 0.536585 0.049689 0.536585
1 0.851967 0.615854 0.043478 0.695122
9 0.920290 0.573171 0.051760 0.707317
7 0.974120 0.567073 0.047619 0.670732
