22 0.129984 0.496875 0.046252 0.268750
27 0.173046 0.503125 0.039872 0.243750
17 0.216906 0.490625 0.041467 0.281250
27 0.261563 0.496875 0.041467 0.281250
32 0.305423 0.496875 0.043062 0.306250
6 0.350877 0.503125 0.041467 0.293750
8 0.391547 0.500000 0.039872 0.300000
3 0.435407 0.518750 0.044657 0.312500
0 0.476874 0.500000 0.041467 0.300000
20 0.517544 0.500000 0.033493 0.312500
25 0.565391 0.503125 0.043062 0.318750
1 0.607656 0.503125 0.028708 0.318750
0 0.654705 0.512500 0.046252 0.337500
2 0.700957 0.496875 0.036683 0.306250
5 0.740032 0.509375 0.041467 0.331250
0 0.784689 0.506250 0.038278 0.337500
6 0.834131 0.481250 0.051037 0.262500
