22 0.125772 0.703571 0.044753 0.350000
27 0.172068 0.682143 0.044753 0.321429
17 0.216049 0.657143 0.043210 0.342857
27 0.263117 0.667857 0.041667 0.378571
32 0.310957 0.639286 0.044753 0.350000
6 0.357253 0.635714 0.038580 0.328571
8 0.398920 0.650000 0.038580 0.371429
3 0.442901 0.635714 0.037037 0.357143
0 0.487654 0.642857 0.043210 0.371429
20 0.529321 0.603571 0.043210 0.321429
25 0.574846 0.614286 0.044753 0.342857
1 0.614198 0.603571 0.021605 0.392857
0 0.660494 0.603571 0.040123 0.350000
2 0.705247 0.607143 0.037037 0.357143
5 0.743827 0.596429 0.033951 0.364286
0 0.782407 0.589286 0.043210 0.335714
0 0.831790 0.575000 0.049383 0.335714
