22 0.040426 0.471774 0.055319 0.346774
27 0.096809 0.455645 0.057447 0.330645
17 0.158511 0.463710 0.057447 0.395161
27 0.219149 0.459677 0.055319 0.403226
32 0.282979 0.427419 0.063830 0.338710
2 0.340426 0.431452 0.051064 0.362903
8 0.397872 0.443548 0.059574 0.387097
5 0.460638 0.431452 0.057447 0.346774
0 0.514894 0.439516 0.051064 0.346774
20 0.572340 0.423387 0.051064 0.427419
25 0.630851 0.443548 0.053191 0.419355
0 0.690426 0.419355 0.053191 0.387097
6 0.751064 0.407258 0.059574 0.330645
2 0.808511 0.419355 0.046809 0.387097
1 0.857447 0.435484 0.038298 0.451613
8 0.913830 0.415323 0.053191 0.427419
1 0.970213 0.415323 0.034043 0.443548
