22 0.031765 0.564516 0.054684 0.806452
27 0.091275 0.568548 0.054684 0.806452
17 0.147567 0.548387 0.054684 0.806452
27 0.208283 0.564516 0.054684 0.806452
32 0.268597 0.544355 0.054684 0.806452
3 0.327302 0.504032 0.054684 0.806452
8 0.383595 0.540323 0.054684 0.806452
6 0.444310 0.520161 0.054684 0.806452
0 0.502614 0.524194 0.054684 0.806452
20 0.559710 0.516129 0.054684 0.806452
25 0.617209 0.528226 0.054684 0.806452
0 0.674306 0.528226 0.054684 0.806452
4 0.737033 0.508065 0.054684 0.806452
0 0.796542 0.524194 0.054684 0.806452
0 0.850422 0.491935 0.054684 0.806452
6 0.911540 0.512097 0.054684 0.806452
2 0.971049 0.504032 0.054684 0.806452
