22 0.109674 0.592827 0.050619 0.291139
27 0.155793 0.567511 0.041620 0.308017
27 0.245782 0.540084 0.046119 0.261603
17 0.196288 0.561181 0.046119 0.261603
32 0.297525 0.529536 0.043870 0.265823
1 0.339708 0.537975 0.038245 0.358650
8 0.384702 0.533755 0.047244 0.333333
8 0.430821 0.533755 0.040495 0.350211
0 0.476940 0.516878 0.040495 0.350211
20 0.523060 0.504219 0.040495 0.350211
25 0.574241 0.487342 0.048369 0.375527
0 0.624859 0.470464 0.048369 0.375527
5 0.676603 0.466245 0.048369 0.375527
0 0.727222 0.474684 0.048369 0.375527
2 0.777840 0.466245 0.048369 0.375527
6 0.834083 0.457806 0.048369 0.375527
0 0.889201 0.445148 0.048369 0.375527
