22 0.079402 0.440840 0.059839 0.362595
27 0.138090 0.440840 0.059839 0.362595
17 0.203682 0.444656 0.059839 0.362595
27 0.263521 0.444656 0.059839 0.362595
32 0.323360 0.471374 0.059839 0.362595
6 0.380898 0.459924 0.059839 0.362595
8 0.441887 0.452290 0.059839 0.362595
3 0.491369 0.456107 0.048331 0.347328
0 0.543153 0.467557 0.048331 0.347328
20 0.596087 0.479008 0.048331 0.347328
25 0.646720 0.490458 0.048331 0.347328
1 0.691600 0.494275 0.048331 0.347328
0 0.742232 0.517176 0.048331 0.347328
2 0.791715 0.513359 0.048331 0.347328
5 0.838895 0.517176 0.048331 0.347328
2 0.886076 0.509542 0.048331 0.347328
0 0.932106 0.517176 0.048331 0.347328
