22 0.167185 0.534946 0.045101 0.241935
27 0.213841 0.524194 0.045101 0.241935
17 0.258942 0.518817 0.045101 0.241935
27 0.304044 0.508065 0.045101 0.241935
32 0.350700 0.486559 0.045101 0.241935
6 0.397356 0.481183 0.045101 0.241935
8 0.444012 0.475806 0.045101 0.241935
3 0.482893 0.467742 0.038880 0.236559
0 0.526439 0.467742 0.038880 0.236559
20 0.568429 0.456989 0.038880 0.236559
25 0.611975 0.462366 0.038880 0.236559
1 0.652411 0.451613 0.038880 0.236559
0 0.697512 0.430108 0.038880 0.236559
2 0.739502 0.419355 0.038880 0.236559
5 0.779938 0.408602 0.038880 0.236559
0 0.818818 0.403226 0.038880 0.236559
8 0.862364 0.392473 0.038880 0.236559
