22 0.040444 0.568966 0.057778 0.405172
27 0.100889 0.543103 0.057778 0.405172
17 0.158667 0.530172 0.057778 0.405172
27 0.218222 0.543103 0.057778 0.405172
32 0.278667 0.521552 0.057778 0.405172
1 0.336444 0.512931 0.057778 0.405172
8 0.397778 0.504310 0.057778 0.405172
4 0.455556 0.517241 0.057778 0.405172
0 0.511556 0.517241 0.050667 0.413793
20 0.566667 0.525862 0.050667 0.413793
25 0.621778 0.515086 0.057778 0.426724
0 0.678667 0.506466 0.057778 0.426724
6 0.737333 0.510776 0.057778 0.426724
0 0.796000 0.519397 0.057778 0.426724
9 0.853778 0.510776 0.057778 0.426724
9 0.912444 0.502155 0.057778 0.426724
7 0.966667 0.493534 0.057778 0.426724
