22 0.079188 0.379717 0.058883 0.400943
27 0.140102 0.389151 0.058883 0.400943
17 0.204061 0.398585 0.058883 0.400943
27 0.259898 0.403302 0.058883 0.400943
32 0.321827 0.393868 0.058883 0.400943
6 0.377665 0.403302 0.058883 0.400943
8 0.433503 0.393868 0.058883 0.400943
3 0.481218 0.396226 0.042640 0.396226
0 0.531980 0.386792 0.050761 0.396226
20 0.579695 0.396226 0.050761 0.396226
25 0.632487 0.386792 0.050761 0.396226
1 0.679695 0.382075 0.047716 0.415094
0 0.727411 0.363208 0.047716 0.415094
2 0.775127 0.396226 0.047716 0.415094
5 0.824873 0.400943 0.047716 0.415094
0 0.870558 0.400943 0.047716 0.415094
2 0.918274 0.386792 0.047716 0.415094
