22 0.161765 0.650568 0.042484 0.244318
27 0.207516 0.639205 0.042484 0.244318
17 0.254902 0.633523 0.042484 0.244318
27 0.299020 0.622159 0.042484 0.244318
32 0.344771 0.616477 0.042484 0.244318
6 0.390523 0.605114 0.042484 0.244318
8 0.433007 0.599432 0.042484 0.244318
3 0.475490 0.582386 0.042484 0.244318
0 0.519608 0.582386 0.042484 0.244318
20 0.562092 0.571023 0.042484 0.244318
25 0.607843 0.565341 0.042484 0.244318
1 0.650327 0.553977 0.042484 0.244318
0 0.691176 0.542614 0.042484 0.244318
2 0.733660 0.542614 0.042484 0.244318
5 0.777778 0.525568 0.042484 0.244318
0 0.821895 0.519886 0.042484 0.244318
4 0.862745 0.514205 0.042484 0.244318
