22 0.029667 0.488215 0.050265 0.693603
27 0.082955 0.481481 0.050265 0.693603
17 0.148715 0.484848 0.050265 0.693603
27 0.208428 0.498316 0.050265 0.693603
32 0.271920 0.468013 0.050265 0.693603
1 0.330499 0.481481 0.050265 0.693603
8 0.389456 0.474747 0.050265 0.693603
4 0.448035 0.488215 0.050265 0.693603
0 0.508881 0.481481 0.050265 0.693603
25 0.618481 0.494949 0.050265 0.693603
20 0.565949 0.508418 0.050265 0.693603
0 0.685374 0.498316 0.050265 0.693603
6 0.738284 0.521886 0.050265 0.693603
2 0.797997 0.535354 0.050265 0.693603
5 0.856954 0.498316 0.050265 0.693603
6 0.913643 0.511785 0.050265 0.693603
4 0.967687 0.505051 0.050265 0.693603
