22 0.040000 0.608434 0.051429 0.421687
27 0.101429 0.596386 0.051429 0.421687
17 0.171429 0.560241 0.051429 0.421687
27 0.234286 0.566265 0.051429 0.457831
33 0.301429 0.524096 0.051429 0.457831
2 0.361429 0.530120 0.051429 0.457831
8 0.421429 0.542169 0.051429 0.457831
5 0.482857 0.512048 0.051429 0.457831
0 0.540000 0.500000 0.051429 0.457831
20 0.595714 0.487952 0.057143 0.469880
25 0.655714 0.487952 0.057143 0.469880
0 0.709286 0.478916 0.047143 0.463855
6 0.760714 0.466867 0.047143 0.463855
2 0.815000 0.442771 0.047143 0.463855
1 0.870714 0.442771 0.047143 0.463855
8 0.923571 0.442771 0.047143 0.463855
7 0.975000 0.436747 0.047143 0.463855
