22 0.030955 0.547710 0.049075 0.797710
27 0.087203 0.540076 0.049075 0.797710
17 0.149490 0.555344 0.049075 0.797710
27 0.206871 0.536260 0.049075 0.797710
32 0.272556 0.540076 0.049075 0.797710
3 0.331068 0.555344 0.049075 0.797710
8 0.387693 0.524809 0.049075 0.797710
6 0.442809 0.551527 0.049075 0.797710
0 0.506229 0.555344 0.049075 0.797710
20 0.560211 0.513359 0.049075 0.797710
25 0.617592 0.540076 0.049075 0.797710
0 0.679879 0.566794 0.049075 0.797710
4 0.739902 0.513359 0.049075 0.797710
0 0.801057 0.517176 0.049075 0.797710
0 0.859947 0.520992 0.049075 0.797710
8 0.913930 0.547710 0.049075 0.797710
6 0.973575 0.528626 0.049075 0.797710
