22 0.027115 0.562500 0.049892 0.355769
27 0.081345 0.552885 0.049892 0.355769
17 0.140998 0.538462 0.056399 0.384615
27 0.197397 0.538462 0.052061 0.384615
32 0.260304 0.514423 0.052061 0.413462
2 0.316703 0.495192 0.052061 0.413462
8 0.373102 0.495192 0.052061 0.413462
5 0.436009 0.485577 0.052061 0.413462
0 0.492408 0.495192 0.052061 0.413462
20 0.550976 0.466346 0.052061 0.413462
25 0.609544 0.466346 0.052061 0.413462
0 0.670282 0.456731 0.052061 0.413462
6 0.731020 0.451923 0.056399 0.442308
2 0.787419 0.456731 0.060738 0.471154
1 0.852495 0.437500 0.060738 0.471154
7 0.911063 0.418269 0.060738 0.471154
1 0.969631 0.418269 0.060738 0.471154
