22 0.040394 0.503012 0.055172 0.512048
27 0.102463 0.490964 0.055172 0.512048
17 0.169458 0.472892 0.055172 0.512048
27 0.226601 0.472892 0.061084 0.524096
32 0.290640 0.430723 0.061084 0.524096
2 0.351724 0.430723 0.061084 0.524096
8 0.410837 0.424699 0.061084 0.524096
5 0.470936 0.412651 0.061084 0.524096
0 0.529064 0.382530 0.061084 0.524096
20 0.587192 0.358434 0.061084 0.524096
25 0.642365 0.346386 0.061084 0.524096
0 0.699507 0.346386 0.047291 0.560241
6 0.751724 0.325301 0.049261 0.578313
2 0.806897 0.313253 0.049261 0.554217
1 0.859113 0.322289 0.037438 0.596386
9 0.915271 0.316265 0.047291 0.584337
9 0.969951 0.313253 0.054187 0.602410
