22 0.081913 0.513889 0.052425 0.402778
22 0.142857 0.506944 0.052425 0.402778
17 0.203801 0.489583 0.052425 0.402778
27 0.256881 0.496528 0.052425 0.402778
30 0.315531 0.479167 0.053080 0.402778
5 0.371887 0.486111 0.053080 0.402778
8 0.430210 0.496528 0.053080 0.402778
7 0.485256 0.489583 0.053080 0.402778
0 0.537025 0.482639 0.053080 0.402778
20 0.589450 0.486111 0.053080 0.402778
25 0.645806 0.493056 0.053080 0.402778
1 0.701180 0.475694 0.052425 0.402778
0 0.752949 0.482639 0.052425 0.402778
1 0.804718 0.479167 0.052425 0.402778
3 0.859764 0.472222 0.052425 0.402778
7 0.909240 0.456597 0.047837 0.392361
3 0.953145 0.467014 0.047837 0.392361
