22 0.035891 0.340807 0.059406 0.394619
27 0.101485 0.356502 0.066832 0.434978
17 0.168936 0.365471 0.065594 0.417040
27 0.237005 0.428251 0.065594 0.417040
32 0.306312 0.432735 0.065594 0.417040
2 0.370050 0.491031 0.056931 0.372197
8 0.429455 0.504484 0.056931 0.372197
5 0.490099 0.522422 0.056931 0.372197
0 0.548267 0.553812 0.056931 0.372197
20 0.603960 0.612108 0.056931 0.372197
25 0.663366 0.621076 0.056931 0.372197
0 0.720297 0.652466 0.056931 0.372197
6 0.778465 0.674888 0.056931 0.372197
2 0.834158 0.733184 0.056931 0.372197
1 0.882426 0.717489 0.044554 0.376682
9 0.935644 0.764574 0.047030 0.381166
1 0.980198 0.771300 0.039604 0.367713
