22 0.047004 0.370270 0.050620 0.389189
27 0.098140 0.364865 0.047521 0.389189
17 0.150826 0.378378 0.047521 0.389189
27 0.202479 0.397297 0.047521 0.389189
32 0.259814 0.397297 0.047521 0.389189
1 0.307335 0.408108 0.047521 0.389189
8 0.364669 0.432432 0.047521 0.389189
7 0.417872 0.437838 0.047521 0.389189
0 0.473140 0.472973 0.047521 0.389189
20 0.528409 0.474324 0.050620 0.402703
25 0.583161 0.516216 0.049587 0.437838
0 0.642562 0.516216 0.049587 0.437838
8 0.698864 0.551351 0.049587 0.437838
3 0.759298 0.567568 0.049587 0.437838
9 0.818182 0.597297 0.049587 0.437838
1 0.865186 0.597297 0.049587 0.437838
5 0.932851 0.627027 0.049587 0.437838
