22 0.103998 0.783784 0.050406 0.367568
17 0.201043 0.729730 0.044032 0.378378
27 0.151796 0.751351 0.044032 0.378378
27 0.248552 0.697297 0.044032 0.378378
32 0.298378 0.662162 0.044032 0.378378
1 0.347045 0.640541 0.044032 0.378378
8 0.398030 0.608108 0.044032 0.378378
7 0.445539 0.562162 0.044032 0.378378
0 0.497103 0.545946 0.044032 0.378378
20 0.545191 0.509459 0.050985 0.375676
25 0.596756 0.474324 0.050985 0.375676
0 0.653534 0.439189 0.050985 0.375676
8 0.710313 0.401351 0.050985 0.375676
3 0.763036 0.360811 0.050985 0.375676
9 0.823870 0.314865 0.050985 0.375676
1 0.877173 0.277027 0.050985 0.375676
7 0.927578 0.233784 0.050985 0.375676
