22 0.075307 0.396382 0.056352 0.305921
27 0.131660 0.402961 0.056352 0.305921
17 0.196209 0.416118 0.056352 0.305921
27 0.253586 0.425987 0.056352 0.305921
32 0.314037 0.435855 0.056352 0.305921
6 0.369365 0.425987 0.056352 0.305921
3 0.477459 0.486842 0.053279 0.282895
8 0.422643 0.452303 0.056352 0.305921
0 0.527152 0.488487 0.048156 0.279605
20 0.577357 0.511513 0.048156 0.279605
25 0.626537 0.524671 0.048156 0.279605
1 0.674693 0.524671 0.048156 0.279605
0 0.724898 0.560855 0.048156 0.279605
2 0.772029 0.575658 0.042008 0.302632
5 0.815061 0.588816 0.042008 0.302632
2 0.860143 0.601974 0.042008 0.302632
3 0.904201 0.608553 0.042008 0.302632
