22 0.028604 0.572954 0.050343 0.690391
27 0.085050 0.597865 0.050343 0.690391
17 0.147216 0.558719 0.050343 0.690391
27 0.208047 0.562278 0.059115 0.733096
32 0.272121 0.523132 0.059115 0.733096
1 0.324943 0.498221 0.047292 0.747331
8 0.389397 0.501779 0.047292 0.747331
4 0.443555 0.505338 0.047292 0.747331
0 0.504577 0.526690 0.047292 0.747331
20 0.560259 0.508897 0.047292 0.747331
25 0.622426 0.480427 0.047292 0.747331
0 0.677727 0.462633 0.047292 0.747331
6 0.738368 0.508897 0.047292 0.747331
2 0.799390 0.501779 0.047292 0.747331
5 0.854691 0.455516 0.047292 0.747331
6 0.915713 0.466192 0.047292 0.747331
7 0.973303 0.480427 0.047292 0.747331
