22 0.033552 0.546154 0.050736 0.692308
22 0.093781 0.527692 0.050736 0.692308
22 0.093126 0.521538 0.050736 0.692308
17 0.154664 0.503077 0.050736 0.692308
32 0.270213 0.487692 0.050736 0.692308
27 0.210966 0.490769 0.050736 0.692308
6 0.328151 0.481538 0.050736 0.692308
8 0.390671 0.518462 0.050736 0.692308
3 0.447627 0.478462 0.050736 0.692308
0 0.504583 0.493846 0.050736 0.692308
20 0.561538 0.500000 0.050736 0.692308
25 0.621768 0.503077 0.050736 0.692308
1 0.681997 0.509231 0.050736 0.692308
0 0.745827 0.503077 0.050736 0.692308
3 0.800491 0.496923 0.050736 0.692308
0 0.867594 0.490769 0.050736 0.692308
6 0.921277 0.493846 0.050736 0.692308
1 0.974632 0.487692 0.050736 0.692308
