22 0.097208 0.527397 0.062812 0.424658
27 0.157029 0.518265 0.050847 0.433790
17 0.222832 0.495434 0.050847 0.433790
27 0.279661 0.490868 0.050847 0.433790
32 0.339980 0.456621 0.055833 0.429224
1 0.399801 0.465753 0.055833 0.429224
8 0.455633 0.452055 0.055833 0.429224
8 0.506979 0.454338 0.046859 0.442922
0 0.558824 0.436073 0.046859 0.442922
20 0.605683 0.431507 0.046859 0.442922
25 0.655533 0.417808 0.046859 0.442922
0 0.708375 0.417808 0.046859 0.442922
5 0.757228 0.408676 0.046859 0.442922
0 0.803091 0.394977 0.046859 0.442922
2 0.848953 0.385845 0.046859 0.442922
5 0.894816 0.385845 0.046859 0.442922
4 0.942173 0.353881 0.049850 0.415525
