22 0.036688 0.250000 0.060797 0.302817
27 0.096436 0.250000 0.054507 0.302817
17 0.160377 0.242958 0.048218 0.288732
27 0.218029 0.285211 0.058700 0.330986
32 0.289308 0.316901 0.054507 0.309859
2 0.348008 0.366197 0.054507 0.309859
8 0.404612 0.373239 0.054507 0.309859
5 0.465409 0.394366 0.054507 0.309859
0 0.519916 0.440141 0.050314 0.330986
20 0.579665 0.461268 0.056604 0.316901
25 0.641509 0.492958 0.058700 0.309859
0 0.694969 0.500000 0.048218 0.309859
6 0.751572 0.538732 0.056604 0.316901
2 0.808176 0.566901 0.048218 0.302817
1 0.863732 0.584507 0.037736 0.323944
6 0.912998 0.595070 0.052411 0.316901
5 0.968553 0.616197 0.050314 0.330986
