22 0.026825 0.543033 0.052844 0.774590
27 0.083905 0.549180 0.052441 0.786885
17 0.145623 0.514344 0.054861 0.807377
27 0.204316 0.532787 0.056071 0.795082
32 0.266438 0.508197 0.059298 0.909836
6 0.323719 0.543033 0.048003 0.864754
8 0.381404 0.561475 0.056071 0.877049
3 0.440904 0.497951 0.051634 0.864754
0 0.498386 0.549180 0.050424 0.877049
20 0.554054 0.538934 0.053651 0.897541
25 0.612142 0.532787 0.056071 0.819672
1 0.673255 0.545082 0.038725 0.909836
0 0.733965 0.526639 0.059298 0.922131
3 0.793868 0.526639 0.049213 0.922131
0 0.848729 0.516393 0.056474 0.967213
5 0.906010 0.532787 0.054054 0.934426
9 0.966720 0.520492 0.050424 0.959016
