22 0.029479 0.520913 0.052067 0.760456
27 0.083078 0.526616 0.055130 0.749049
17 0.144525 0.543726 0.060873 0.874525
27 0.200230 0.528517 0.050536 0.859316
32 0.263017 0.522814 0.057427 0.847909
3 0.318338 0.494297 0.046325 0.836502
8 0.375957 0.509506 0.057427 0.783270
6 0.436064 0.505703 0.049770 0.882129
0 0.493492 0.517110 0.045176 0.904943
20 0.549196 0.526616 0.053216 0.946768
25 0.608538 0.526616 0.047856 0.946768
0 0.667879 0.528517 0.049387 0.927757
4 0.730666 0.532319 0.057810 0.935361
0 0.790773 0.539924 0.053982 0.904943
0 0.847435 0.532319 0.054747 0.935361
8 0.908499 0.509506 0.050536 0.980989
2 0.969181 0.520913 0.053216 0.958175
