22 0.118657 0.444000 0.055224 0.376000
27 0.168657 0.472000 0.044776 0.384000
17 0.217910 0.456000 0.047761 0.416000
27 0.267910 0.480000 0.043284 0.448000
30 0.320896 0.476000 0.047761 0.408000
5 0.373134 0.492000 0.050746 0.376000
8 0.423881 0.496000 0.047761 0.400000
7 0.472388 0.492000 0.043284 0.424000
0 0.520149 0.544000 0.046269 0.368000
20 0.567164 0.544000 0.044776 0.400000
25 0.621642 0.560000 0.049254 0.416000
1 0.667910 0.568000 0.043284 0.448000
0 0.720149 0.616000 0.052239 0.400000
1 0.769403 0.628000 0.031343 0.424000
6 0.816418 0.632000 0.053731 0.432000
7 0.871642 0.628000 0.047761 0.520000
9 0.925373 0.680000 0.047761 0.512000
