22 0.040773 0.517483 0.055485 0.699301
27 0.098150 0.491259 0.056747 0.765734
17 0.160572 0.498252 0.054645 0.737762
27 0.220681 0.515734 0.054645 0.737762
30 0.279950 0.510490 0.063892 0.748252
5 0.339639 0.491259 0.051282 0.765734
8 0.400378 0.526224 0.056747 0.660839
9 0.460908 0.554196 0.053384 0.793706
0 0.513871 0.520979 0.052543 0.804196
20 0.571459 0.557692 0.053384 0.765734
25 0.631358 0.559441 0.058008 0.860140
1 0.686633 0.562937 0.043296 0.867133
0 0.745691 0.554196 0.058848 0.891608
2 0.803489 0.557692 0.056747 0.877622
3 0.859605 0.597902 0.046238 0.804196
2 0.916982 0.592657 0.047499 0.814685
2 0.967213 0.568182 0.049601 0.863636
