22 0.036504 0.753456 0.068584 0.364055
27 0.100664 0.748848 0.059735 0.437788
17 0.167588 0.693548 0.060841 0.400922
27 0.226217 0.654378 0.054204 0.396313
32 0.291482 0.640553 0.056416 0.414747
2 0.352876 0.617512 0.055310 0.414747
8 0.408186 0.601382 0.055310 0.410138
5 0.469580 0.573733 0.051991 0.456221
0 0.527102 0.543779 0.051991 0.423963
20 0.582965 0.532258 0.055310 0.410138
25 0.641040 0.511521 0.056416 0.387097
0 0.698562 0.493088 0.054204 0.433180
6 0.754978 0.460829 0.049779 0.387097
2 0.807522 0.449309 0.055310 0.437788
1 0.861726 0.421659 0.039823 0.419355
5 0.915929 0.398618 0.053097 0.373272
5 0.970133 0.366359 0.050885 0.373272
