22 0.033632 0.612245 0.058296 0.544218
27 0.093049 0.585034 0.056054 0.557823
17 0.163117 0.605442 0.059417 0.612245
27 0.222534 0.588435 0.059417 0.564626
32 0.290919 0.561224 0.054933 0.578231
2 0.349215 0.574830 0.050448 0.605442
8 0.408072 0.551020 0.053812 0.530612
5 0.467489 0.557823 0.056054 0.557823
0 0.525224 0.574830 0.057175 0.537415
20 0.581839 0.554422 0.049327 0.578231
25 0.638453 0.513605 0.054933 0.578231
0 0.699552 0.513605 0.047085 0.537415
6 0.755605 0.513605 0.053812 0.564626
2 0.809978 0.523810 0.052691 0.517007
1 0.863229 0.551020 0.040359 0.693878
7 0.915919 0.510204 0.044843 0.557823
9 0.971973 0.561224 0.051570 0.659864
