22 0.030497 0.579151 0.052448 0.818533
17 0.147436 0.513514 0.052448 0.818533
27 0.084887 0.532819 0.052448 0.818533
27 0.206488 0.579151 0.052448 0.841699
32 0.266511 0.515444 0.048951 0.830116
3 0.324204 0.550193 0.052448 0.783784
8 0.384033 0.540541 0.055556 0.918919
6 0.440171 0.528958 0.046620 0.942085
0 0.499029 0.544402 0.054779 0.841699
20 0.556915 0.534749 0.047009 0.930502
25 0.613831 0.517375 0.058275 0.872587
0 0.676768 0.540541 0.058275 0.918919
4 0.735625 0.546332 0.050117 0.907336
0 0.796037 0.523166 0.049728 0.953668
0 0.847902 0.501931 0.048563 0.996139
8 0.908120 0.488417 0.059441 0.907336
6 0.968531 0.523166 0.059052 0.953668
