22 0.040568 0.496032 0.052738 0.357143
27 0.095335 0.503968 0.052738 0.357143
17 0.162272 0.496032 0.052738 0.357143
27 0.225152 0.496032 0.052738 0.357143
32 0.290061 0.488095 0.052738 0.357143
2 0.351927 0.511905 0.054767 0.373016
8 0.404665 0.527778 0.054767 0.373016
5 0.465517 0.543651 0.054767 0.373016
0 0.524341 0.543651 0.054767 0.373016
20 0.581136 0.535714 0.054767 0.373016
25 0.639959 0.567460 0.054767 0.373016
0 0.696755 0.575397 0.054767 0.373016
6 0.753550 0.575397 0.054767 0.373016
2 0.812373 0.591270 0.054767 0.373016
1 0.865112 0.599206 0.054767 0.373016
6 0.919878 0.607143 0.054767 0.373016
1 0.970588 0.599206 0.054767 0.373016
