22 0.030529 0.584459 0.044776 0.398649
27 0.078019 0.564189 0.044776 0.398649
17 0.133650 0.564189 0.044776 0.398649
27 0.187924 0.570946 0.052917 0.425676
32 0.240841 0.550676 0.052917 0.425676
2 0.295115 0.537162 0.052917 0.425676
8 0.354817 0.530405 0.052917 0.425676
5 0.411805 0.530405 0.052917 0.425676
0 0.467436 0.530405 0.052917 0.425676
20 0.524423 0.550676 0.052917 0.425676
25 0.582768 0.530405 0.052917 0.425676
0 0.651967 0.516892 0.052917 0.425676
6 0.713704 0.506757 0.054274 0.459459
2 0.778833 0.527027 0.054274 0.459459
1 0.831750 0.506757 0.054274 0.459459
5 0.903664 0.500000 0.065129 0.459459
1 0.967436 0.506757 0.065129 0.459459
