22 0.097953 0.502959 0.046784 0.260355
27 0.144737 0.502959 0.040936 0.248521
17 0.194444 0.502959 0.040936 0.248521
27 0.241228 0.538462 0.040936 0.248521
30 0.289474 0.544379 0.043860 0.284024
5 0.334795 0.568047 0.043860 0.284024
8 0.384503 0.591716 0.043860 0.284024
7 0.430556 0.582840 0.039474 0.278107
0 0.477339 0.612426 0.039474 0.278107
20 0.521199 0.612426 0.039474 0.278107
25 0.568713 0.647929 0.038012 0.313609
1 0.608187 0.653846 0.038012 0.313609
0 0.657895 0.671598 0.038012 0.313609
3 0.742690 0.695266 0.038012 0.313609
1 0.698830 0.677515 0.038012 0.313609
6 0.788012 0.710059 0.040936 0.295858
1 0.831871 0.710059 0.040936 0.295858
