22 0.053750 0.438224 0.067500 0.405405
27 0.121250 0.445946 0.067500 0.405405
17 0.190000 0.461390 0.067500 0.405405
27 0.262500 0.507722 0.067500 0.405405
32 0.326250 0.534749 0.055000 0.413127
6 0.382500 0.569498 0.055000 0.413127
8 0.442500 0.581081 0.055000 0.413127
3 0.500000 0.611969 0.055000 0.413127
0 0.555000 0.642857 0.055000 0.413127
20 0.611250 0.677606 0.055000 0.413127
25 0.668750 0.693050 0.055000 0.413127
1 0.715000 0.708494 0.037500 0.413127
0 0.763750 0.756757 0.047500 0.393822
2 0.810000 0.783784 0.047500 0.393822
5 0.856250 0.783784 0.047500 0.393822
0 0.898750 0.816602 0.040000 0.366795
8 0.941250 0.816602 0.040000 0.366795
