22 0.032895 0.422018 0.052632 0.311927
27 0.086623 0.399083 0.054825 0.321101
17 0.152412 0.399083 0.054825 0.321101
27 0.211623 0.389908 0.054825 0.321101
32 0.278509 0.380734 0.061404 0.339450
2 0.336623 0.376147 0.050439 0.348624
8 0.393640 0.385321 0.050439 0.348624
5 0.450658 0.376147 0.050439 0.348624
0 0.509868 0.385321 0.050439 0.348624
20 0.566886 0.394495 0.050439 0.348624
25 0.623904 0.394495 0.059211 0.366972
0 0.685307 0.394495 0.059211 0.366972
6 0.746711 0.394495 0.059211 0.366972
2 0.808114 0.385321 0.059211 0.366972
1 0.857456 0.380734 0.035088 0.394495
9 0.911184 0.417431 0.059211 0.431193
9 0.970395 0.408257 0.059211 0.431193
