22 0.032189 0.561983 0.051112 0.768595
27 0.090324 0.545455 0.051112 0.768595
17 0.151970 0.549587 0.051112 0.768595
27 0.210105 0.553719 0.051112 0.768595
32 0.271752 0.508264 0.051112 0.768595
3 0.329107 0.537190 0.051112 0.768595
8 0.386071 0.541322 0.051112 0.768595
6 0.445767 0.533058 0.051112 0.768595
0 0.505072 0.537190 0.051112 0.768595
20 0.566719 0.516529 0.051112 0.768595
25 0.618221 0.520661 0.051112 0.768595
0 0.679867 0.512397 0.051112 0.768595
4 0.741514 0.446281 0.051112 0.768595
0 0.801600 0.471074 0.051112 0.768595
0 0.858954 0.475207 0.051112 0.768595
8 0.919430 0.487603 0.051112 0.768595
6 0.974444 0.446281 0.051112 0.768595
