22 0.034791 0.584000 0.053678 0.336000
27 0.089463 0.596000 0.051690 0.328000
17 0.146123 0.580000 0.057654 0.344000
27 0.201789 0.572000 0.053678 0.360000
32 0.261431 0.576000 0.053678 0.368000
2 0.315109 0.564000 0.057654 0.392000
8 0.374751 0.576000 0.049702 0.384000
5 0.430417 0.588000 0.057654 0.424000
0 0.491054 0.564000 0.055666 0.360000
20 0.544732 0.568000 0.051690 0.384000
25 0.602386 0.560000 0.051690 0.384000
0 0.664016 0.568000 0.051690 0.384000
6 0.725646 0.560000 0.051690 0.384000
2 0.783300 0.568000 0.051690 0.384000
1 0.838966 0.560000 0.051690 0.384000
5 0.894632 0.568000 0.051690 0.384000
7 0.956262 0.568000 0.051690 0.384000
