22 0.029885 0.488848 0.055172 0.724907
27 0.087739 0.492565 0.055172 0.724907
17 0.147893 0.473978 0.055172 0.724907
27 0.208812 0.477695 0.055172 0.724907
32 0.272031 0.429368 0.055172 0.724907
3 0.325287 0.433086 0.055172 0.724907
8 0.386590 0.447955 0.055172 0.724907
6 0.450192 0.429368 0.055172 0.724907
0 0.506897 0.433086 0.055172 0.724907
20 0.564751 0.436803 0.055172 0.724907
25 0.620307 0.418216 0.055172 0.724907
0 0.686207 0.433086 0.055172 0.724907
4 0.740613 0.425651 0.055172 0.724907
0 0.803065 0.407063 0.055172 0.724907
0 0.860920 0.410781 0.055172 0.724907
7 0.918774 0.392193 0.055172 0.724907
1 0.972414 0.384758 0.055172 0.724907
