22 0.065037 0.693694 0.052196 0.441441
27 0.124689 0.680180 0.052196 0.441441
17 0.185170 0.635135 0.052196 0.441441
27 0.241508 0.621622 0.052196 0.441441
32 0.295360 0.590090 0.052196 0.441441
6 0.355012 0.558559 0.052196 0.441441
8 0.412179 0.518018 0.052196 0.441441
3 0.462717 0.518018 0.052196 0.441441
0 0.514913 0.509009 0.052196 0.441441
20 0.565452 0.481982 0.052196 0.441441
25 0.614333 0.445946 0.052196 0.441441
1 0.669843 0.441441 0.052196 0.441441
0 0.721210 0.373874 0.052196 0.441441
2 0.769263 0.355856 0.040597 0.423423
4 0.817316 0.333333 0.040597 0.423423
9 0.867026 0.283784 0.040597 0.423423
6 0.909279 0.274775 0.040597 0.423423
