22 0.138889 0.549708 0.049020 0.233918
27 0.192810 0.538012 0.049020 0.233918
17 0.241830 0.526316 0.049020 0.233918
27 0.289216 0.526316 0.049020 0.233918
32 0.339869 0.520468 0.049020 0.233918
6 0.390523 0.514620 0.049020 0.233918
8 0.442810 0.514620 0.049020 0.233918
3 0.490196 0.502924 0.049020 0.233918
0 0.533497 0.505848 0.044118 0.239766
20 0.575980 0.500000 0.044118 0.239766
25 0.625000 0.500000 0.044118 0.239766
1 0.678922 0.494152 0.044118 0.239766
0 0.724673 0.494152 0.044118 0.239766
2 0.770425 0.494152 0.044118 0.239766
4 0.812908 0.488304 0.044118 0.239766
9 0.860294 0.482456 0.044118 0.239766
8 0.909314 0.476608 0.044118 0.239766
