22 0.030269 0.554717 0.045590 0.754717
27 0.086323 0.535849 0.045590 0.754717
17 0.150224 0.541509 0.050075 0.803774
27 0.205157 0.511321 0.050075 0.803774
32 0.271300 0.492453 0.050075 0.803774
6 0.326233 0.496226 0.050075 0.803774
8 0.386771 0.477358 0.050075 0.803774
3 0.446936 0.492453 0.050075 0.803774
0 0.502990 0.507547 0.050075 0.803774
20 0.557549 0.500000 0.050075 0.803774
25 0.614350 0.492453 0.050075 0.803774
1 0.675635 0.496226 0.050075 0.803774
0 0.741779 0.488679 0.050075 0.803774
3 0.791106 0.458491 0.050075 0.803774
0 0.853886 0.500000 0.050075 0.803774
6 0.914425 0.458491 0.050075 0.803774
2 0.967862 0.450943 0.050075 0.803774
