22 0.055497 0.620000 0.047569 0.417143
27 0.108351 0.591429 0.047569 0.417143
17 0.156977 0.580000 0.047569 0.417143
27 0.209831 0.568571 0.047569 0.417143
32 0.265856 0.534286 0.047569 0.417143
1 0.313425 0.534286 0.047569 0.417143
8 0.369450 0.534286 0.047569 0.417143
7 0.423362 0.505714 0.047569 0.417143
0 0.472516 0.494286 0.052854 0.428571
20 0.527484 0.471429 0.052854 0.428571
25 0.580338 0.448571 0.052854 0.428571
0 0.636364 0.448571 0.052854 0.428571
8 0.691332 0.437143 0.052854 0.428571
3 0.752643 0.448571 0.052854 0.428571
9 0.806554 0.437143 0.052854 0.428571
1 0.855180 0.431429 0.052854 0.428571
3 0.917548 0.408571 0.052854 0.428571
