22 0.036558 0.566225 0.055118 0.483444
27 0.095051 0.559603 0.055118 0.483444
17 0.161980 0.546358 0.058493 0.483444
27 0.224972 0.539735 0.058493 0.483444
32 0.286839 0.533113 0.058493 0.483444
2 0.344207 0.526490 0.058493 0.483444
8 0.401575 0.529801 0.053993 0.476821
5 0.464567 0.496689 0.053993 0.476821
0 0.520810 0.476821 0.053993 0.476821
20 0.579303 0.496689 0.053993 0.476821
25 0.634421 0.470199 0.053993 0.476821
0 0.692913 0.463576 0.053993 0.476821
6 0.751406 0.463576 0.053993 0.476821
2 0.812148 0.450331 0.053993 0.476821
1 0.865017 0.430464 0.053993 0.476821
7 0.917885 0.437086 0.053993 0.476821
3 0.970754 0.410596 0.053993 0.476821
