22 0.031477 0.572607 0.051310 0.722772
27 0.086426 0.585809 0.051310 0.722772
17 0.153020 0.569307 0.051310 0.722772
27 0.213792 0.542904 0.051310 0.722772
32 0.276747 0.523102 0.051310 0.722772
1 0.333879 0.526403 0.051310 0.722772
8 0.394651 0.509901 0.051310 0.722772
4 0.452875 0.523102 0.051310 0.722772
0 0.514738 0.516502 0.051310 0.722772
20 0.573326 0.470297 0.051310 0.722772
25 0.628275 0.463696 0.051310 0.722772
0 0.684316 0.476898 0.051310 0.722772
6 0.742904 0.440594 0.051310 0.722772
2 0.797853 0.443894 0.051310 0.722772
5 0.858261 0.457096 0.051310 0.722772
6 0.915757 0.430693 0.051310 0.722772
7 0.971798 0.424092 0.051310 0.722772
