22 0.035294 0.697581 0.054902 0.395161
27 0.094118 0.689516 0.054902 0.395161
17 0.158824 0.681452 0.054902 0.395161
27 0.221569 0.665323 0.054902 0.395161
32 0.286275 0.657258 0.054902 0.395161
2 0.345098 0.657258 0.054902 0.395161
8 0.401961 0.641129 0.054902 0.395161
5 0.462745 0.641129 0.054902 0.395161
0 0.517647 0.625000 0.054902 0.395161
20 0.578431 0.608871 0.054902 0.395161
25 0.637255 0.600806 0.054902 0.395161
0 0.692157 0.584677 0.054902 0.395161
6 0.750980 0.580645 0.058824 0.419355
2 0.815686 0.572581 0.058824 0.419355
1 0.866667 0.568548 0.039216 0.443548
5 0.921569 0.536290 0.058824 0.411290
1 0.976471 0.524194 0.047059 0.387097
