22 0.041446 0.431559 0.051146 0.376426
27 0.098765 0.446768 0.051146 0.376426
17 0.154321 0.446768 0.051146 0.376426
27 0.212522 0.450570 0.051146 0.376426
0 0.265432 0.442966 0.051146 0.376426
5 0.324515 0.423954 0.051146 0.376426
8 0.381834 0.439163 0.051146 0.376426
3 0.444444 0.435361 0.051146 0.376426
0 0.500000 0.431559 0.051146 0.376426
20 0.557319 0.435361 0.051146 0.376426
25 0.614638 0.416350 0.051146 0.376426
0 0.672840 0.435361 0.051146 0.376426
6 0.731922 0.416350 0.051146 0.376426
0 0.790123 0.420152 0.051146 0.376426
2 0.850088 0.431559 0.051146 0.376426
1 0.904762 0.439163 0.051146 0.376426
0 0.962963 0.435361 0.051146 0.376426
