22 0.040685 0.611702 0.055675 0.436170
27 0.100642 0.579787 0.055675 0.436170
17 0.162741 0.558511 0.055675 0.436170
27 0.218415 0.558511 0.055675 0.436170
32 0.278373 0.537234 0.055675 0.436170
2 0.340471 0.526596 0.055675 0.436170
8 0.404711 0.547872 0.055675 0.436170
5 0.464668 0.526596 0.055675 0.436170
0 0.516060 0.505319 0.051392 0.436170
20 0.573876 0.462766 0.051392 0.436170
25 0.631692 0.473404 0.051392 0.436170
0 0.690578 0.478723 0.057816 0.446809
6 0.750535 0.478723 0.057816 0.446809
2 0.808351 0.446809 0.057816 0.446809
1 0.858672 0.457447 0.038544 0.446809
7 0.911135 0.436170 0.053533 0.446809
3 0.966809 0.446809 0.053533 0.446809
