22 0.059130 0.227891 0.055652 0.292517
27 0.114783 0.278912 0.048696 0.312925
17 0.175652 0.312925 0.052174 0.312925
27 0.229565 0.340136 0.048696 0.326531
30 0.286957 0.363946 0.052174 0.319728
5 0.340870 0.401361 0.048696 0.312925
8 0.393913 0.442177 0.050435 0.326531
7 0.449565 0.465986 0.046957 0.333333
0 0.499130 0.503401 0.045217 0.326531
20 0.551304 0.534014 0.048696 0.319728
25 0.602609 0.561224 0.050435 0.319728
1 0.650435 0.612245 0.034783 0.326531
0 0.706957 0.632653 0.050435 0.340136
1 0.756522 0.687075 0.034783 0.340136
3 0.806087 0.710884 0.046957 0.319728
7 0.858261 0.734694 0.046957 0.353741
9 0.908696 0.778912 0.050435 0.414966
