22 0.038027 0.405594 0.055498 0.587413
27 0.096608 0.405594 0.055498 0.587413
17 0.162384 0.419580 0.055498 0.587413
27 0.226105 0.433566 0.055498 0.587413
32 0.286742 0.426573 0.055498 0.587413
2 0.348407 0.475524 0.055498 0.587413
8 0.410072 0.489510 0.055498 0.587413
5 0.468654 0.475524 0.055498 0.587413
0 0.524152 0.475524 0.055498 0.587413
20 0.579651 0.482517 0.055498 0.587413
2 0.806783 0.538462 0.055498 0.587413
25 0.635149 0.475524 0.055498 0.587413
0 0.695786 0.524476 0.055498 0.587413
6 0.750257 0.503497 0.055498 0.587413
6 0.912641 0.566434 0.055498 0.587413
5 0.971737 0.573427 0.056526 0.587413
1 0.860226 0.545455 0.055498 0.587413
