22 0.032328 0.336207 0.043103 0.293103
27 0.088362 0.344828 0.047414 0.310345
17 0.148707 0.336207 0.047414 0.310345
27 0.206897 0.349138 0.051724 0.336207
32 0.265086 0.375000 0.051724 0.336207
2 0.323276 0.400862 0.051724 0.336207
8 0.381466 0.392241 0.051724 0.336207
5 0.431034 0.409483 0.051724 0.318966
0 0.491379 0.435345 0.051724 0.336207
20 0.545259 0.452586 0.051724 0.336207
25 0.605603 0.461207 0.051724 0.336207
0 0.670259 0.487069 0.051724 0.336207
6 0.724138 0.478448 0.051724 0.336207
2 0.784483 0.495690 0.051724 0.336207
1 0.844828 0.512931 0.051724 0.336207
5 0.900862 0.530172 0.051724 0.336207
9 0.959052 0.538793 0.051724 0.336207
