22 0.032427 0.464286 0.052301 0.459184
27 0.091004 0.474490 0.052301 0.459184
17 0.157950 0.474490 0.052301 0.459184
27 0.214435 0.484694 0.052301 0.459184
32 0.281381 0.464286 0.052301 0.459184
2 0.342050 0.484694 0.052301 0.459184
5 0.459205 0.464286 0.052301 0.459184
8 0.396444 0.464286 0.052301 0.459184
0 0.515690 0.474490 0.052301 0.459184
20 0.570084 0.515306 0.052301 0.459184
25 0.630753 0.474490 0.052301 0.459184
0 0.687238 0.535714 0.052301 0.459184
6 0.745816 0.545918 0.052301 0.459184
2 0.800209 0.525510 0.052301 0.459184
1 0.858787 0.515306 0.052301 0.459184
6 0.906904 0.515306 0.052301 0.459184
5 0.965481 0.535714 0.052301 0.459184
