22 0.030384 0.581597 0.057194 0.295139
27 0.090259 0.569444 0.055407 0.340278
17 0.151028 0.536458 0.051832 0.309028
27 0.211349 0.527778 0.054513 0.361111
32 0.273458 0.479167 0.051832 0.312500
2 0.332887 0.491319 0.052726 0.364583
8 0.392315 0.463542 0.051832 0.315972
5 0.449508 0.432292 0.048257 0.309028
0 0.505809 0.416667 0.051832 0.319444
20 0.560769 0.397569 0.054513 0.322917
25 0.619750 0.411458 0.049151 0.385417
0 0.683199 0.361111 0.056300 0.284722
6 0.744861 0.375000 0.049151 0.381944
2 0.801162 0.345486 0.052726 0.357639
1 0.854334 0.324653 0.037534 0.378472
5 0.911528 0.286458 0.062556 0.302083
7 0.974084 0.291667 0.048257 0.375000
