22 0.032672 0.507669 0.051691 0.739264
27 0.085663 0.501534 0.051691 0.739264
17 0.147919 0.495399 0.052016 0.739264
27 0.211313 0.476994 0.052016 0.739264
32 0.270156 0.470859 0.052016 0.739264
6 0.326886 0.455521 0.051691 0.739264
8 0.382152 0.467791 0.051691 0.739264
3 0.441970 0.452454 0.051691 0.739264
0 0.496261 0.467791 0.051691 0.739264
20 0.554129 0.449387 0.051691 0.739264
25 0.612971 0.412577 0.051691 0.739264
1 0.670514 0.427914 0.051691 0.739264
0 0.729356 0.443252 0.051691 0.739264
3 0.792425 0.501534 0.051691 0.739264
0 0.852568 0.486196 0.051691 0.739264
6 0.905884 0.489264 0.051691 0.739264
0 0.962451 0.492331 0.051691 0.739264
