22 0.051908 0.446768 0.042748 0.338403
27 0.096947 0.463878 0.042748 0.380228
17 0.149618 0.454373 0.042748 0.353612
27 0.199618 0.482890 0.046565 0.372624
32 0.251145 0.486692 0.045802 0.403042
1 0.294656 0.507605 0.029008 0.437262
8 0.343511 0.522814 0.050382 0.406844
7 0.396947 0.539924 0.045802 0.441065
0 0.448855 0.558935 0.045802 0.380228
20 0.493893 0.564639 0.042748 0.391635
25 0.545802 0.572243 0.047328 0.376426
0 0.599237 0.583650 0.039695 0.384030
8 0.647710 0.612167 0.048092 0.441065
3 0.700382 0.629278 0.043511 0.406844
9 0.750763 0.661597 0.048092 0.418251
2 0.799618 0.661597 0.046565 0.410646
1 0.847328 0.669202 0.039695 0.425856
