22 0.039044 0.306630 0.059441 0.392265
27 0.098485 0.339779 0.059441 0.392265
5 0.470280 0.367403 0.059441 0.392265
17 0.162587 0.306630 0.059441 0.392265
27 0.224359 0.312155 0.059441 0.392265
32 0.289627 0.328729 0.059441 0.392265
2 0.344406 0.350829 0.059441 0.392265
8 0.402681 0.350829 0.059441 0.392265
0 0.527389 0.389503 0.059441 0.392265
20 0.583333 0.395028 0.059441 0.392265
25 0.639277 0.417127 0.059441 0.392265
0 0.697552 0.450276 0.059441 0.392265
6 0.752331 0.447514 0.050117 0.408840
2 0.808275 0.458564 0.050117 0.408840
1 0.861888 0.436464 0.050117 0.408840
8 0.912005 0.458564 0.050117 0.408840
5 0.965618 0.502762 0.050117 0.408840
