22 0.123810 0.373134 0.045714 0.179104
27 0.168571 0.393035 0.043810 0.189055
17 0.223810 0.417910 0.051429 0.208955
27 0.272381 0.425373 0.045714 0.233831
32 0.324762 0.465174 0.051429 0.243781
1 0.374286 0.460199 0.040000 0.253731
8 0.426667 0.495025 0.045714 0.213930
8 0.474286 0.502488 0.049524 0.228856
0 0.526667 0.529851 0.047619 0.203980
20 0.574286 0.544776 0.047619 0.233831
25 0.626667 0.587065 0.045714 0.258706
0 0.681905 0.594527 0.045714 0.203980
5 0.732381 0.629353 0.047619 0.233831
0 0.781905 0.639303 0.051429 0.253731
2 0.833333 0.656716 0.043810 0.199005
5 0.881905 0.676617 0.053333 0.218905
4 0.940952 0.689055 0.057143 0.223881
