22 0.030486 0.536101 0.052464 0.826715
27 0.088267 0.539711 0.052464 0.826715
17 0.150301 0.564982 0.052464 0.826715
16 0.209146 0.525271 0.052464 0.826715
22 0.269054 0.564982 0.052464 0.826715
6 0.328961 0.532491 0.052464 0.826715
6 0.386388 0.586643 0.052464 0.826715
4 0.444169 0.507220 0.052464 0.826715
0 0.501595 0.500000 0.052464 0.826715
20 0.559376 0.528881 0.052464 0.826715
25 0.610067 0.500000 0.052464 0.826715
3 0.673520 0.478339 0.052464 0.826715
3 0.733428 0.460289 0.052464 0.826715
0 0.796526 0.463899 0.052464 0.826715
7 0.854307 0.456679 0.052464 0.826715
1 0.909961 0.427798 0.052464 0.826715
4 0.967387 0.415162 0.052464 0.823105
