22 0.032559 0.508772 0.049630 0.814035
27 0.092045 0.521053 0.049630 0.810526
17 0.157163 0.480702 0.049630 0.814035
16 0.216649 0.452632 0.049630 0.814035
22 0.279127 0.498246 0.053502 0.835088
6 0.339669 0.489474 0.053502 0.831579
6 0.395459 0.485965 0.053854 0.831579
4 0.453889 0.475439 0.053854 0.831579
0 0.513728 0.507018 0.053854 0.831579
20 0.573214 0.489474 0.053854 0.831579
25 0.632700 0.517544 0.053854 0.831579
3 0.686378 0.498246 0.053502 0.835088
3 0.746920 0.475439 0.053502 0.831579
0 0.802710 0.461404 0.053854 0.831579
7 0.862196 0.475439 0.053854 0.831579
1 0.918867 0.478947 0.053854 0.831579
9 0.973073 0.498246 0.053854 0.835088
