22 0.033822 0.577882 0.052982 0.719626
27 0.095135 0.571651 0.052982 0.719626
17 0.155448 0.556075 0.052982 0.719626
16 0.215761 0.540498 0.052982 0.719626
22 0.277074 0.512461 0.052982 0.719626
6 0.335055 0.528037 0.052982 0.719626
6 0.394035 0.512461 0.052982 0.719626
4 0.451683 0.518692 0.052982 0.719626
0 0.508664 0.512461 0.052982 0.719626
20 0.568977 0.484424 0.052982 0.719626
25 0.625625 0.500000 0.052982 0.719626
3 0.684605 0.493769 0.052982 0.719626
3 0.747251 0.465732 0.052982 0.719626
0 0.802899 0.450156 0.052982 0.719626
7 0.857214 0.475078 0.052982 0.719626
1 0.914862 0.415888 0.052982 0.719626
9 0.970510 0.419003 0.052982 0.719626
