22 0.029215 0.583056 0.049982 0.794020
27 0.090813 0.566445 0.049982 0.794020
17 0.152763 0.569767 0.049982 0.794020
16 0.215769 0.563123 0.049982 0.794020
22 0.275255 0.546512 0.049982 0.794020
6 0.338261 0.496678 0.049982 0.794020
6 0.398803 0.500000 0.049982 0.794020
4 0.452658 0.493355 0.049982 0.794020
0 0.513200 0.496678 0.049982 0.794020
20 0.573742 0.470100 0.049982 0.794020
25 0.626540 0.450166 0.049982 0.794020
3 0.692714 0.443522 0.049982 0.794020
3 0.749736 0.446844 0.049982 0.794020
0 0.806054 0.483389 0.049982 0.794020
7 0.864132 0.433555 0.049982 0.794020
1 0.915875 0.456811 0.049982 0.794020
22 0.975009 0.450166 0.049982 0.794020
9 0.974305 0.443522 0.049982 0.794020
