22 0.034476 0.377922 0.051441 0.568831
27 0.092120 0.372727 0.051441 0.568831
17 0.156330 0.383117 0.051441 0.568831
16 0.212514 0.419481 0.051441 0.568831
22 0.274535 0.422078 0.051441 0.568831
6 0.329624 0.440260 0.051441 0.568831
6 0.386903 0.453247 0.051441 0.568831
4 0.444546 0.448052 0.051441 0.568831
0 0.504013 0.481818 0.051441 0.568831
20 0.559103 0.484416 0.051441 0.568831
25 0.616746 0.528571 0.051441 0.568831
3 0.677672 0.580519 0.051441 0.568831
3 0.731667 0.583117 0.051441 0.568831
0 0.794783 0.585714 0.051441 0.568831
7 0.853521 0.598701 0.051441 0.568831
2 0.905327 0.575325 0.051441 0.568831
0 0.964794 0.596104 0.051441 0.568831
