22 0.039581 0.537815 0.051473 0.621849
27 0.100639 0.523810 0.051473 0.621849
17 0.159567 0.501401 0.051473 0.621849
16 0.219560 0.549020 0.051473 0.621849
22 0.278133 0.535014 0.051473 0.621849
6 0.334931 0.521008 0.051473 0.621849
6 0.395989 0.532213 0.051473 0.621849
4 0.450302 0.554622 0.051473 0.621849
0 0.507810 0.512605 0.051473 0.621849
20 0.567803 0.532213 0.051473 0.621849
25 0.622116 0.501401 0.051473 0.621849
3 0.683174 0.532213 0.051473 0.621849
3 0.739617 0.498599 0.051473 0.621849
0 0.799610 0.529412 0.051473 0.621849
7 0.852858 0.495798 0.051473 0.621849
2 0.907171 0.498599 0.051473 0.621849
0 0.962549 0.504202 0.051473 0.621849
