22 0.043362 0.586505 0.054774 0.785467
27 0.103081 0.600346 0.054774 0.785467
17 0.161658 0.562284 0.054774 0.785467
16 0.228984 0.544983 0.054774 0.785467
22 0.282997 0.548443 0.054774 0.785467
6 0.335108 0.551903 0.054774 0.785467
6 0.396729 0.503460 0.054774 0.785467
4 0.451883 0.475779 0.054774 0.785467
0 0.512742 0.458478 0.054774 0.785467
20 0.570179 0.451557 0.054774 0.785467
25 0.628756 0.455017 0.054774 0.785467
3 0.686192 0.448097 0.054774 0.785467
3 0.742488 0.472318 0.054774 0.785467
0 0.799924 0.434256 0.054774 0.785467
7 0.858501 0.416955 0.054774 0.785467
2 0.915938 0.410035 0.054774 0.785467
0 0.969951 0.423875 0.054774 0.785467
