22 0.032801 0.582111 0.050330 0.700880
27 0.090420 0.567449 0.050330 0.700880
17 0.153593 0.552786 0.050330 0.700880
16 0.215377 0.538123 0.050330 0.700880
22 0.272648 0.549853 0.050330 0.700880
6 0.330267 0.517595 0.050330 0.700880
6 0.394481 0.491202 0.050330 0.700880
4 0.451059 0.476540 0.050330 0.700880
0 0.507289 0.479472 0.050330 0.700880
20 0.568032 0.485337 0.050330 0.700880
25 0.621138 0.488270 0.050330 0.700880
3 0.687782 0.473607 0.050330 0.700880
3 0.744012 0.476540 0.050330 0.700880
0 0.805102 0.441349 0.050330 0.700880
7 0.855779 0.388563 0.050330 0.700880
2 0.915481 0.458944 0.050330 0.700880
0 0.974835 0.432551 0.050330 0.700880
