22 0.034062 0.550473 0.053783 0.709779
27 0.090355 0.512618 0.053783 0.709779
17 0.157046 0.528391 0.053783 0.709779
16 0.219075 0.531546 0.053783 0.709779
22 0.275368 0.515773 0.053783 0.709779
6 0.329509 0.509464 0.053783 0.709779
6 0.389387 0.512618 0.053783 0.709779
4 0.448189 0.474763 0.053783 0.709779
0 0.514521 0.468454 0.053783 0.709779
20 0.574041 0.452681 0.053783 0.709779
25 0.629258 0.436909 0.053783 0.709779
3 0.689136 0.399054 0.053783 0.709779
3 0.741126 0.373817 0.053783 0.709779
0 0.803872 0.405363 0.053783 0.709779
7 0.863750 0.361199 0.053783 0.709779
2 0.916816 0.392744 0.053783 0.709779
0 0.973109 0.395899 0.053783 0.709779
