22 0.034537 0.474747 0.051718 0.760943
27 0.095627 0.444444 0.051718 0.760943
17 0.156716 0.447811 0.051718 0.760943
16 0.218848 0.464646 0.051718 0.760943
22 0.278896 0.434343 0.051718 0.760943
6 0.336515 0.447811 0.051718 0.760943
6 0.396217 0.441077 0.051718 0.760943
4 0.456959 0.424242 0.051718 0.760943
0 0.515620 0.417508 0.051718 0.760943
20 0.573238 0.410774 0.051718 0.760943
25 0.628775 0.414141 0.051718 0.760943
3 0.688476 0.430976 0.051718 0.760943
3 0.752690 0.410774 0.051718 0.760943
0 0.809268 0.447811 0.051718 0.760943
7 0.864457 0.441077 0.051718 0.760943
2 0.919646 0.390572 0.051718 0.760943
0 0.974141 0.393939 0.051718 0.760943
