22 0.038038 0.536066 0.050602 0.731148
27 0.095869 0.529508 0.050602 0.731148
17 0.161618 0.500000 0.050602 0.731148
16 0.221515 0.516393 0.050602 0.731148
22 0.284165 0.486885 0.050602 0.731148
6 0.337522 0.490164 0.050602 0.731148
6 0.398795 0.516393 0.050602 0.731148
4 0.458003 0.486885 0.050602 0.731148
0 0.513425 0.457377 0.050602 0.731148
20 0.571256 0.496721 0.050602 0.731148
25 0.626678 0.457377 0.050602 0.731148
3 0.691394 0.493443 0.050602 0.731148
3 0.750258 0.496721 0.050602 0.731148
0 0.807057 0.503279 0.050602 0.731148
7 0.862478 0.463934 0.050602 0.731148
2 0.917900 0.480328 0.050602 0.731148
0 0.969880 0.463934 0.050602 0.731148
