22 0.037695 0.559172 0.048465 0.834320
27 0.094238 0.565089 0.053850 0.822485
17 0.158320 0.541420 0.049542 0.798817
13 0.215132 0.544379 0.047927 0.840237
16 0.272482 0.571006 0.050619 0.857988
1 0.328756 0.562130 0.026387 0.875740
8 0.387722 0.571006 0.050619 0.810651
4 0.449111 0.532544 0.045234 0.934911
3 0.505385 0.544379 0.045773 0.911243
20 0.560582 0.544379 0.050619 0.911243
25 0.619009 0.514793 0.047927 0.875740
0 0.674744 0.532544 0.057081 0.934911
3 0.735595 0.485207 0.050619 0.816568
4 0.786753 0.550296 0.045234 0.899408
5 0.847065 0.520710 0.051696 0.887574
8 0.902262 0.514793 0.046850 0.970414
2 0.963382 0.514793 0.046311 0.946746
