22 0.043549 0.611814 0.054437 0.616034
27 0.097986 0.616034 0.052259 0.556962
17 0.157322 0.575949 0.057703 0.578059
13 0.217746 0.586498 0.053348 0.616034
16 0.277082 0.628692 0.058792 0.666667
1 0.336690 0.611814 0.041916 0.666667
8 0.391671 0.586498 0.057158 0.666667
4 0.450735 0.594937 0.052259 0.683544
3 0.508982 0.554852 0.046815 0.679325
20 0.563963 0.550633 0.054437 0.738397
25 0.624388 0.582278 0.052259 0.801688
0 0.684812 0.533755 0.053348 0.687764
3 0.740882 0.533755 0.047904 0.738397
4 0.796135 0.523207 0.041916 0.683544
5 0.849211 0.474684 0.059880 0.713080
8 0.908274 0.449367 0.052803 0.645570
2 0.969243 0.481013 0.061513 0.725738
