22 0.041644 0.576923 0.056986 0.786982
27 0.096712 0.603550 0.053151 0.792899
17 0.158356 0.609467 0.055890 0.781065
13 0.221918 0.565089 0.051507 0.834320
16 0.283562 0.571006 0.058630 0.822485
1 0.335342 0.585799 0.036164 0.828402
8 0.392055 0.579882 0.056438 0.840237
4 0.454247 0.565089 0.050411 0.857988
3 0.508767 0.538462 0.054247 0.923077
20 0.567123 0.541420 0.048219 0.810651
25 0.625753 0.535503 0.049315 0.822485
0 0.687671 0.529586 0.054795 0.810651
3 0.745753 0.553254 0.048219 0.834320
4 0.800000 0.511834 0.047123 0.798817
5 0.859726 0.500000 0.054795 0.822485
8 0.915890 0.488166 0.049863 0.869822
2 0.969041 0.514793 0.048767 0.970414
