22 0.038378 0.550847 0.058247 0.762712
27 0.095264 0.533898 0.055525 0.728814
17 0.156233 0.562147 0.055525 0.762712
13 0.216385 0.539548 0.048449 0.762712
16 0.275449 0.556497 0.053348 0.774011
1 0.327980 0.539548 0.043005 0.740113
8 0.392760 0.550847 0.049537 0.785311
4 0.448830 0.536723 0.044094 0.881356
3 0.506532 0.522599 0.044094 0.943503
20 0.561786 0.514124 0.058792 0.813559
25 0.621394 0.519774 0.053892 0.960452
0 0.680457 0.508475 0.053348 0.802260
3 0.739793 0.514124 0.054437 0.903955
4 0.790691 0.502825 0.043005 0.881356
5 0.845400 0.525424 0.050082 0.836158
8 0.907730 0.519774 0.057158 0.847458
2 0.965161 0.485876 0.053348 0.892655
