22 0.032444 0.599222 0.053843 0.614786
27 0.090198 0.589494 0.050621 0.595331
17 0.151404 0.622568 0.057984 0.645914
13 0.209388 0.589494 0.050621 0.657588
16 0.266452 0.583658 0.061666 0.607004
1 0.325357 0.593385 0.035895 0.704280
8 0.381960 0.595331 0.061666 0.739300
4 0.439254 0.573930 0.039116 0.719844
3 0.498159 0.575875 0.053843 0.778210
20 0.552232 0.500000 0.051542 0.626459
25 0.610446 0.533074 0.047400 0.731518
0 0.671652 0.550584 0.043718 0.766537
3 0.729867 0.503891 0.050621 0.634241
4 0.785090 0.540856 0.055223 0.770428
5 0.843994 0.484436 0.051542 0.712062
8 0.900138 0.488327 0.051542 0.758755
2 0.965025 0.552529 0.056144 0.824903
