22 0.038906 0.650558 0.058248 0.646840
27 0.098933 0.630112 0.061805 0.665428
17 0.157626 0.624535 0.053802 0.750929
13 0.212984 0.574349 0.056914 0.628253
16 0.273677 0.611524 0.058248 0.724907
1 0.326812 0.581784 0.040907 0.724907
8 0.383281 0.581784 0.057803 0.724907
4 0.441307 0.520446 0.046687 0.773234
3 0.502446 0.544610 0.048021 0.702602
20 0.557137 0.511152 0.049800 0.851301
25 0.615385 0.483271 0.052468 0.713755
0 0.675634 0.486989 0.054691 0.706320
3 0.733882 0.492565 0.059137 0.754647
4 0.791463 0.444238 0.053357 0.769517
5 0.849489 0.425651 0.053802 0.769517
8 0.906625 0.449814 0.056025 0.780669
2 0.966430 0.438662 0.061805 0.780669
