22 0.038605 0.585837 0.057285 0.776824
27 0.095268 0.562232 0.058531 0.781116
17 0.158572 0.534335 0.057285 0.836910
13 0.212951 0.551502 0.048983 0.896996
16 0.276256 0.585837 0.054379 0.828326
1 0.329390 0.568670 0.041926 0.862661
8 0.385845 0.598712 0.049398 0.802575
4 0.441469 0.551502 0.055210 0.845494
7 0.502491 0.497854 0.053549 0.927039
20 0.554172 0.484979 0.063097 0.858369
25 0.615193 0.525751 0.058946 0.939914
0 0.675176 0.510730 0.056040 0.927039
3 0.737028 0.547210 0.045247 0.905579
4 0.792653 0.547210 0.048568 0.905579
5 0.851391 0.510730 0.058115 0.832618
8 0.910544 0.517167 0.052719 0.871245
4 0.968037 0.510730 0.051474 0.832618
