22 0.037338 0.549793 0.052983 0.775934
27 0.092199 0.549793 0.051731 0.842324
17 0.153108 0.543568 0.051731 0.896266
13 0.205048 0.549793 0.056320 0.883817
16 0.268669 0.526971 0.057572 0.821577
1 0.324364 0.560166 0.040467 0.730290
8 0.382979 0.539419 0.051731 0.796680
4 0.438256 0.547718 0.040467 0.863071
7 0.491448 0.510373 0.060909 0.854772
20 0.549020 0.547718 0.054234 0.904564
25 0.606383 0.522822 0.049645 0.946058
0 0.669587 0.558091 0.050063 0.883817
3 0.727368 0.516598 0.052983 0.817427
4 0.791197 0.526971 0.049645 0.821577
5 0.850229 0.516598 0.059241 0.958506
8 0.906341 0.470954 0.056320 0.883817
4 0.963705 0.504149 0.058406 0.867220
