22 0.039098 0.594796 0.061647 0.631970
27 0.093297 0.568773 0.053372 0.721190
17 0.154324 0.565056 0.057096 0.713755
13 0.215143 0.565056 0.057923 0.713755
16 0.273273 0.579926 0.053372 0.661710
1 0.327058 0.563197 0.042615 0.732342
8 0.385188 0.557621 0.060405 0.684015
4 0.444973 0.563197 0.052544 0.814126
7 0.500414 0.518587 0.049235 0.762082
20 0.555027 0.539033 0.058337 0.721190
25 0.615432 0.533457 0.049235 0.814126
0 0.674803 0.533457 0.051303 0.814126
3 0.734175 0.514870 0.055854 0.814126
4 0.793753 0.553903 0.052544 0.810409
5 0.855192 0.494424 0.063715 0.914498
8 0.911874 0.503717 0.051303 0.814126
4 0.968349 0.522305 0.061647 0.955390
