22 0.041718 0.635688 0.055624 0.669145
27 0.097137 0.630112 0.052761 0.739777
17 0.154806 0.594796 0.063395 0.713755
13 0.213906 0.589219 0.049898 0.784387
16 0.269530 0.568773 0.063804 0.743494
1 0.326380 0.563197 0.049898 0.814126
8 0.382004 0.552045 0.049898 0.732342
4 0.435378 0.548327 0.047853 0.806691
7 0.496115 0.539033 0.055624 0.825279
20 0.552556 0.511152 0.049898 0.918216
25 0.611043 0.475836 0.049080 0.825279
0 0.669530 0.475836 0.054806 0.802974
3 0.726789 0.492565 0.053170 0.836431
4 0.782618 0.455390 0.053579 0.784387
5 0.841718 0.434944 0.058078 0.743494
8 0.901227 0.444238 0.059305 0.702602
4 0.966053 0.425651 0.058896 0.784387
