22 0.035759 0.555300 0.051325 0.889401
27 0.094657 0.550691 0.057215 0.898618
17 0.153976 0.523041 0.058056 0.843318
13 0.210349 0.548387 0.057215 0.894009
16 0.270088 0.516129 0.062263 0.857143
1 0.324569 0.532258 0.041649 0.935484
8 0.380311 0.555300 0.055532 0.889401
4 0.438578 0.543779 0.049222 0.912442
7 0.496845 0.511521 0.052167 0.976959
20 0.551956 0.518433 0.053008 0.963134
25 0.609382 0.532258 0.051746 0.935484
0 0.673538 0.529954 0.064788 0.930876
3 0.731594 0.525346 0.043753 0.949309
4 0.785233 0.555300 0.060160 0.889401
5 0.851073 0.523041 0.064788 0.898618
8 0.909760 0.532258 0.048380 0.935484
4 0.965292 0.518433 0.066050 0.907834
