22 0.038101 0.559809 0.056620 0.880383
27 0.097914 0.566986 0.055343 0.866029
17 0.155172 0.535885 0.058323 0.832536
13 0.215198 0.547847 0.054917 0.827751
16 0.274585 0.533493 0.061303 0.904306
1 0.328438 0.555024 0.041294 0.842105
8 0.382716 0.533493 0.049383 0.856459
4 0.440400 0.559809 0.052363 0.880383
7 0.496381 0.514354 0.054491 0.971292
20 0.555981 0.526316 0.051086 0.937799
25 0.614304 0.511962 0.059600 0.966507
0 0.671775 0.519139 0.051937 0.952153
3 0.733291 0.514354 0.051511 0.971292
4 0.788846 0.521531 0.048531 0.956938
5 0.846743 0.540670 0.054491 0.918660
8 0.907195 0.538278 0.051937 0.913876
4 0.962537 0.521531 0.057046 0.956938
