22 0.034602 0.742515 0.058824 0.514970
27 0.090182 0.732036 0.060121 0.529940
17 0.152033 0.699102 0.060986 0.601796
27 0.213668 0.685629 0.054498 0.622754
30 0.274005 0.652695 0.056661 0.604790
5 0.333261 0.648204 0.054931 0.613772
8 0.391220 0.609281 0.054931 0.583832
9 0.449394 0.648204 0.050173 0.661677
0 0.506920 0.592814 0.057958 0.598802
20 0.564663 0.586826 0.055796 0.676647
25 0.619377 0.570359 0.053633 0.643713
0 0.681445 0.502994 0.056661 0.526946
6 0.741133 0.488024 0.062716 0.622754
0 0.797578 0.480539 0.047578 0.637725
9 0.852292 0.455090 0.052336 0.700599
7 0.911981 0.444611 0.055796 0.643713
5 0.966047 0.416168 0.063581 0.670659
