22 0.031749 0.478022 0.050883 0.750916
27 0.090202 0.474359 0.050042 0.721612
17 0.150547 0.474359 0.054668 0.684982
27 0.209420 0.527473 0.052145 0.732601
30 0.271026 0.454212 0.056770 0.681319
5 0.327376 0.538462 0.053406 0.732601
8 0.383936 0.512821 0.048780 0.761905
9 0.444281 0.573260 0.050883 0.838828
0 0.497056 0.551282 0.049622 0.897436
20 0.557401 0.536630 0.050042 0.831502
25 0.612069 0.538462 0.056770 0.791209
0 0.674937 0.532967 0.055509 0.721612
6 0.728974 0.542125 0.056770 0.761905
0 0.792052 0.562271 0.049201 0.780220
9 0.850084 0.527473 0.055929 0.791209
7 0.909798 0.565934 0.055088 0.868132
7 0.965517 0.551282 0.047939 0.897436
