22 0.040354 0.557034 0.056539 0.741445
27 0.097540 0.541825 0.057833 0.688213
17 0.162279 0.553232 0.057833 0.749049
27 0.218170 0.538023 0.048770 0.718631
30 0.276651 0.566540 0.054381 0.821293
5 0.337721 0.517110 0.052223 0.737643
8 0.396418 0.526616 0.053086 0.718631
9 0.457704 0.522814 0.051360 0.771863
0 0.512732 0.511407 0.050065 0.711027
20 0.569486 0.526616 0.047907 0.840304
25 0.624730 0.532319 0.059991 0.851711
0 0.689038 0.562738 0.052223 0.752852
6 0.745145 0.507605 0.055675 0.802281
0 0.802978 0.479087 0.048770 0.760456
9 0.864912 0.543726 0.058697 0.851711
7 0.919940 0.471483 0.044454 0.851711
7 0.970004 0.477186 0.051360 0.863118
