22 0.039490 0.482890 0.052236 0.813688
27 0.097158 0.484791 0.052236 0.832700
17 0.155244 0.471483 0.053071 0.730038
27 0.212286 0.519011 0.061011 0.840304
30 0.274969 0.446768 0.057668 0.695817
5 0.330756 0.473384 0.049728 0.771863
8 0.390305 0.513308 0.048475 0.707224
9 0.448600 0.574144 0.048057 0.851711
0 0.504179 0.507605 0.050564 0.802281
20 0.558922 0.555133 0.056415 0.828897
25 0.613247 0.488593 0.060593 0.779468
0 0.675303 0.524715 0.042624 0.730038
6 0.735478 0.558935 0.054325 0.882129
0 0.793982 0.579848 0.050146 0.840304
9 0.846427 0.558935 0.043878 0.882129
7 0.901379 0.553232 0.051818 0.893536
7 0.961555 0.553232 0.052654 0.893536
