22 0.036838 0.605485 0.050409 0.772152
27 0.091125 0.588608 0.057303 0.822785
17 0.155967 0.609705 0.051702 0.780591
27 0.214994 0.597046 0.056010 0.805907
30 0.278975 0.616034 0.052133 0.767932
5 0.337785 0.540084 0.052564 0.751055
8 0.397243 0.584388 0.060319 0.814346
9 0.453468 0.565401 0.056441 0.810127
0 0.515511 0.571730 0.050409 0.848101
20 0.569367 0.554852 0.045239 0.873418
25 0.621069 0.531646 0.052133 0.936709
0 0.683542 0.588608 0.055579 0.822785
6 0.746015 0.578059 0.054718 0.835443
0 0.801810 0.571730 0.052564 0.848101
9 0.860190 0.550633 0.046101 0.890295
7 0.911461 0.552743 0.055579 0.843882
7 0.969841 0.565401 0.057734 0.869198
