22 0.036565 0.457090 0.058340 0.660448
27 0.093468 0.462687 0.051356 0.776119
17 0.151808 0.481343 0.048891 0.798507
27 0.207067 0.473881 0.055053 0.798507
30 0.270542 0.466418 0.053821 0.768657
5 0.327650 0.468284 0.051356 0.809701
8 0.386401 0.472015 0.048069 0.712687
9 0.442071 0.462687 0.050123 0.820896
0 0.501027 0.451493 0.044782 0.776119
20 0.555053 0.488806 0.052588 0.828358
25 0.612777 0.457090 0.051356 0.869403
0 0.671528 0.503731 0.045604 0.820896
6 0.730896 0.513060 0.052588 0.861940
0 0.788620 0.472015 0.060394 0.779851
9 0.850863 0.513060 0.050123 0.921642
7 0.902219 0.468284 0.052588 0.869403
9 0.966311 0.516791 0.053410 0.966418
