22 0.038511 0.590278 0.053656 0.819444
27 0.094115 0.604167 0.053224 0.791667
17 0.156859 0.578704 0.053224 0.842593
27 0.213977 0.585648 0.055820 0.828704
30 0.272393 0.574074 0.049762 0.851852
5 0.331675 0.585648 0.056685 0.828704
8 0.390091 0.560185 0.043704 0.879630
9 0.443747 0.574074 0.041973 0.851852
0 0.504111 0.578704 0.055387 0.842593
20 0.557767 0.548611 0.051060 0.902778
25 0.618131 0.541667 0.048897 0.916667
0 0.674816 0.597222 0.050627 0.805556
6 0.733881 0.574074 0.057118 0.851852
0 0.794029 0.555556 0.051926 0.888889
9 0.848550 0.555556 0.054522 0.888889
7 0.908698 0.555556 0.053656 0.888889
9 0.963436 0.548611 0.056685 0.902778
