22 0.032514 0.644689 0.051688 0.710623
27 0.086286 0.630037 0.055023 0.739927
17 0.151521 0.591575 0.047937 0.816850
27 0.210088 0.626374 0.055023 0.652015
30 0.269904 0.582418 0.062109 0.681319
5 0.325552 0.564103 0.051688 0.703297
8 0.385994 0.602564 0.057524 0.721612
9 0.447895 0.567766 0.046269 0.754579
0 0.503543 0.558608 0.060859 0.809524
20 0.560650 0.580586 0.048353 0.838828
25 0.614631 0.547619 0.059608 0.772894
0 0.675490 0.553114 0.055440 0.725275
6 0.735723 0.527473 0.051688 0.732601
0 0.792622 0.503663 0.059608 0.699634
9 0.854523 0.558608 0.048353 0.853480
7 0.911421 0.518315 0.056273 0.809524
9 0.965819 0.521978 0.052522 0.956044
