22 0.035226 0.628205 0.058497 0.684982
27 0.092015 0.604396 0.055081 0.695971
17 0.153288 0.595238 0.056362 0.809524
27 0.214987 0.598901 0.055935 0.802198
30 0.269641 0.536630 0.055081 0.714286
5 0.330273 0.554945 0.057643 0.772894
8 0.389838 0.571429 0.061486 0.761905
9 0.448762 0.551282 0.049530 0.897436
0 0.503416 0.521978 0.057216 0.721612
20 0.560205 0.554945 0.053800 0.772894
25 0.618488 0.554945 0.051665 0.809524
0 0.678053 0.505495 0.053800 0.732601
6 0.733561 0.507326 0.046114 0.750916
0 0.795474 0.489011 0.057216 0.714286
9 0.851623 0.531136 0.048249 0.879121
7 0.905423 0.457875 0.055081 0.791209
9 0.965628 0.454212 0.047395 0.761905
