22 0.044156 0.488806 0.054042 0.611940
27 0.099736 0.513060 0.059754 0.623134
17 0.160808 0.501866 0.052724 0.660448
27 0.219244 0.479478 0.052724 0.630597
30 0.279438 0.468284 0.056239 0.593284
5 0.334798 0.473881 0.049209 0.604478
8 0.394552 0.509328 0.051845 0.630597
9 0.450791 0.475746 0.049209 0.757463
0 0.509886 0.503731 0.053163 0.776119
20 0.560633 0.470149 0.050967 0.768657
25 0.619947 0.455224 0.056239 0.738806
1 0.678383 0.494403 0.033392 0.794776
0 0.736380 0.470149 0.055360 0.723881
2 0.794376 0.473881 0.056239 0.776119
3 0.853032 0.500000 0.058436 0.746269
1 0.908612 0.513060 0.043937 0.794776
2 0.968146 0.500000 0.063708 0.768657
