22 0.041934 0.560729 0.053915 0.684211
27 0.098203 0.582996 0.051776 0.744939
17 0.154044 0.530364 0.043646 0.744939
27 0.210954 0.556680 0.056483 0.732794
30 0.271288 0.502024 0.053059 0.736842
5 0.327557 0.512146 0.048353 0.757085
8 0.384467 0.530364 0.051776 0.704453
9 0.441592 0.562753 0.047069 0.874494
0 0.496363 0.562753 0.046213 0.809717
20 0.550492 0.524291 0.048353 0.821862
25 0.608258 0.518219 0.051776 0.809717
1 0.663030 0.528340 0.037227 0.829960
0 0.721010 0.528340 0.052204 0.765182
2 0.780702 0.544534 0.058622 0.797571
3 0.837612 0.449393 0.055199 0.712551
1 0.893881 0.518219 0.043646 0.955466
2 0.954001 0.530364 0.065469 0.914980
