22 0.044016 0.591085 0.055074 0.655039
27 0.099957 0.550388 0.052472 0.713178
17 0.159367 0.531008 0.052472 0.674419
27 0.211188 0.560078 0.053773 0.755814
30 0.276886 0.556202 0.052472 0.786822
5 0.330659 0.540698 0.052472 0.655039
8 0.389202 0.546512 0.053339 0.682171
9 0.446227 0.529070 0.046834 0.755814
0 0.501735 0.509690 0.050304 0.732558
20 0.555724 0.498062 0.049003 0.794574
25 0.615785 0.521318 0.052905 0.631783
1 0.670425 0.509690 0.032090 0.732558
0 0.728751 0.519380 0.052472 0.736434
2 0.784692 0.525194 0.049870 0.786822
3 0.844536 0.525194 0.053339 0.763566
1 0.897008 0.525194 0.044666 0.848837
2 0.957936 0.581395 0.063313 0.837209
