22 0.043459 0.564655 0.048780 0.750000
27 0.097783 0.558190 0.050111 0.762931
17 0.159645 0.575431 0.051441 0.771552
27 0.217517 0.525862 0.050998 0.715517
30 0.276053 0.521552 0.043016 0.818966
5 0.337472 0.504310 0.052328 0.810345
8 0.394457 0.508621 0.045676 0.750000
9 0.449002 0.540948 0.047450 0.840517
0 0.509091 0.556034 0.054102 0.887931
20 0.561641 0.547414 0.050111 0.870690
25 0.619069 0.543103 0.048780 0.905172
1 0.675831 0.519397 0.035477 0.883621
0 0.735477 0.504310 0.054545 0.810345
2 0.792461 0.508621 0.052328 0.818966
3 0.849889 0.519397 0.050998 0.840517
1 0.904435 0.549569 0.030599 0.900862
2 0.965188 0.487069 0.061641 0.862069
