22 0.040690 0.567657 0.051555 0.607261
27 0.091606 0.567657 0.052833 0.627063
17 0.151470 0.544554 0.051555 0.633663
27 0.212186 0.546205 0.056242 0.617162
30 0.269919 0.536304 0.048147 0.617162
5 0.325522 0.546205 0.049425 0.669967
8 0.383681 0.551155 0.051555 0.607261
9 0.440136 0.544554 0.046016 0.580858
0 0.496378 0.496700 0.057094 0.676568
20 0.549638 0.511551 0.049425 0.719472
25 0.609075 0.509901 0.054112 0.669967
1 0.664039 0.519802 0.037921 0.702970
0 0.724542 0.536304 0.048999 0.650165
2 0.784406 0.524752 0.063911 0.660066
3 0.840648 0.501650 0.057094 0.653465
1 0.894972 0.493399 0.051555 0.735974
4 0.952706 0.485149 0.052833 0.666667
