22 0.040319 0.732036 0.056279 0.535928
27 0.095128 0.696108 0.052499 0.589820
17 0.152247 0.687126 0.053339 0.559880
27 0.207896 0.655689 0.048719 0.556886
30 0.268795 0.651198 0.061319 0.613772
5 0.324234 0.627246 0.052079 0.565868
8 0.379882 0.615269 0.049979 0.589820
9 0.435111 0.618263 0.044519 0.565868
0 0.487400 0.586826 0.053339 0.598802
20 0.542209 0.594311 0.054599 0.613772
25 0.601428 0.627246 0.052079 0.613772
1 0.654767 0.603293 0.038639 0.679641
0 0.716506 0.549401 0.051239 0.655689
2 0.774465 0.561377 0.062159 0.631737
3 0.835783 0.513473 0.055439 0.565868
1 0.883872 0.497006 0.034019 0.616766
4 0.945191 0.501497 0.063419 0.703593
