22 0.033111 0.649329 0.047556 0.573826
27 0.089556 0.657718 0.051111 0.610738
17 0.148444 0.593960 0.052444 0.604027
27 0.200000 0.580537 0.053333 0.577181
30 0.266889 0.575503 0.054667 0.620805
5 0.323111 0.567114 0.053333 0.617450
8 0.378444 0.553691 0.054667 0.644295
9 0.431556 0.572148 0.048889 0.661074
0 0.490667 0.520134 0.048889 0.644295
20 0.548667 0.533557 0.046667 0.671141
25 0.602444 0.498322 0.055556 0.600671
1 0.658889 0.516779 0.038667 0.671141
0 0.718667 0.494966 0.053333 0.647651
2 0.780222 0.498322 0.051111 0.687919
3 0.836000 0.469799 0.053333 0.644295
1 0.893556 0.464765 0.041333 0.687919
4 0.956889 0.442953 0.056000 0.664430
