22 0.041111 0.605096 0.050222 0.573248
27 0.097556 0.613057 0.049333 0.589172
17 0.159778 0.547771 0.050222 0.573248
27 0.213778 0.552548 0.051556 0.531847
30 0.272889 0.568471 0.056000 0.544586
5 0.330000 0.519108 0.046667 0.547771
8 0.388667 0.563694 0.050222 0.573248
9 0.443778 0.511146 0.042222 0.582803
0 0.497556 0.527070 0.051111 0.614650
20 0.558000 0.527070 0.051111 0.595541
25 0.616444 0.563694 0.052444 0.751592
1 0.672444 0.487261 0.043556 0.643312
0 0.729333 0.495223 0.052444 0.595541
2 0.784667 0.531847 0.055556 0.636943
3 0.846222 0.469745 0.056000 0.531847
1 0.898000 0.474522 0.045778 0.636943
4 0.957333 0.453822 0.056889 0.595541
