22 0.039136 0.530882 0.058801 0.555882
27 0.096379 0.548529 0.051012 0.573529
17 0.157516 0.541176 0.058022 0.588235
27 0.210280 0.552941 0.054517 0.664706
30 0.274922 0.544118 0.052181 0.582353
5 0.328271 0.589706 0.054517 0.673529
8 0.384540 0.602941 0.048676 0.629412
9 0.448014 0.600000 0.044782 0.705882
0 0.497469 0.577941 0.050234 0.579412
20 0.550818 0.585294 0.050234 0.629412
25 0.608840 0.611765 0.047897 0.629412
1 0.664330 0.619118 0.043614 0.679412
0 0.723326 0.577941 0.058801 0.750000
2 0.782321 0.619118 0.047508 0.697059
3 0.844626 0.632353 0.065421 0.641176
1 0.898754 0.630882 0.042835 0.738235
6 0.956386 0.644118 0.055296 0.711765
