22 0.036499 0.536184 0.054945 0.638158
27 0.094976 0.557566 0.057300 0.648026
17 0.157771 0.526316 0.054945 0.697368
27 0.214874 0.544408 0.052983 0.733553
30 0.275510 0.498355 0.059655 0.694079
5 0.331436 0.526316 0.045918 0.638158
8 0.385989 0.526316 0.058477 0.618421
9 0.443681 0.562500 0.052983 0.657895
0 0.501374 0.554276 0.056122 0.674342
20 0.561224 0.564145 0.054945 0.713816
25 0.618524 0.559211 0.054945 0.763158
1 0.671311 0.544408 0.043564 0.733553
0 0.737441 0.503289 0.059655 0.835526
2 0.793367 0.513158 0.048273 0.723684
3 0.849686 0.506579 0.052590 0.677632
1 0.902276 0.529605 0.039246 0.835526
6 0.959380 0.516447 0.061617 0.677632
