22 0.047303 0.633427 0.054730 0.609551
27 0.096951 0.594101 0.060203 0.592697
17 0.163018 0.589888 0.051603 0.584270
27 0.216575 0.570225 0.046912 0.578652
30 0.279124 0.578652 0.053948 0.640449
5 0.332877 0.522472 0.053557 0.640449
8 0.391321 0.553371 0.059421 0.544944
9 0.451134 0.566011 0.051603 0.648876
0 0.508014 0.505618 0.051212 0.528090
20 0.561767 0.550562 0.049257 0.634831
25 0.617475 0.542135 0.055903 0.696629
1 0.675137 0.426966 0.050039 0.561798
0 0.738077 0.501404 0.062549 0.648876
2 0.795739 0.498596 0.050430 0.609551
3 0.846951 0.436798 0.048084 0.570225
1 0.898944 0.478933 0.037920 0.665730
6 0.960516 0.466292 0.064894 0.674157
