22 0.043188 0.593596 0.054967 0.527094
27 0.095014 0.599754 0.054967 0.514778
17 0.159011 0.561576 0.052611 0.507389
27 0.216137 0.572660 0.053004 0.485222
30 0.278367 0.536946 0.054181 0.556650
5 0.335493 0.539409 0.056144 0.492611
8 0.393993 0.536946 0.051433 0.443350
9 0.455634 0.533251 0.049077 0.603448
0 0.509030 0.516010 0.048292 0.628079
20 0.565567 0.455665 0.051433 0.463054
25 0.622104 0.477833 0.050648 0.507389
1 0.677856 0.451970 0.040440 0.514778
0 0.736160 0.445813 0.062819 0.512315
2 0.797212 0.442118 0.050648 0.534483
3 0.851001 0.389163 0.056930 0.497537
1 0.907735 0.407635 0.036121 0.549261
6 0.966824 0.374384 0.066353 0.512315
