22 0.038583 0.436728 0.048674 0.583333
27 0.091017 0.449074 0.047487 0.645062
17 0.154531 0.458333 0.054214 0.608025
27 0.208152 0.449074 0.050653 0.570988
30 0.269885 0.503086 0.052236 0.660494
5 0.331421 0.458333 0.053423 0.570988
8 0.389197 0.496914 0.048674 0.635802
9 0.446181 0.498457 0.043134 0.669753
0 0.502176 0.532407 0.041947 0.669753
20 0.558172 0.529321 0.056589 0.712963
25 0.616343 0.493827 0.048674 0.592593
1 0.671943 0.555556 0.039573 0.641975
0 0.736842 0.558642 0.052236 0.635802
2 0.792639 0.569444 0.053027 0.669753
3 0.849822 0.567901 0.058963 0.580247
1 0.900673 0.541667 0.045113 0.669753
8 0.963593 0.621914 0.053027 0.651235
