22 0.038660 0.528428 0.051150 0.709030
27 0.092982 0.531773 0.046392 0.715719
17 0.155829 0.508361 0.052339 0.668896
27 0.214116 0.523411 0.053132 0.678930
30 0.273791 0.518395 0.054322 0.729097
5 0.331483 0.528428 0.049960 0.628763
8 0.389175 0.508361 0.056701 0.668896
9 0.444885 0.500000 0.045202 0.705686
0 0.500793 0.556856 0.053132 0.725753
20 0.559675 0.505017 0.046392 0.755853
25 0.617962 0.561873 0.056701 0.715719
1 0.673473 0.566890 0.038462 0.839465
0 0.731364 0.561873 0.054322 0.642140
2 0.789056 0.613712 0.061063 0.745819
3 0.850317 0.585284 0.059080 0.648829
1 0.907613 0.580268 0.039651 0.832776
8 0.963521 0.603679 0.047581 0.745819
