22 0.028257 0.478261 0.049451 0.556522
27 0.088305 0.486957 0.057300 0.655072
17 0.149922 0.500000 0.054945 0.646377
27 0.206633 0.511594 0.053768 0.652174
30 0.267661 0.462319 0.054945 0.669565
5 0.326334 0.494203 0.053768 0.588406
8 0.383046 0.482609 0.057300 0.565217
9 0.439757 0.494203 0.051413 0.686957
0 0.499215 0.515942 0.047096 0.614493
20 0.555730 0.511594 0.054945 0.704348
25 0.616170 0.515942 0.054945 0.631884
1 0.671311 0.531884 0.048273 0.727536
0 0.731750 0.536232 0.059262 0.736232
2 0.790228 0.540580 0.050628 0.727536
3 0.850078 0.504348 0.051805 0.620290
1 0.906790 0.565217 0.043564 0.794203
8 0.964089 0.523188 0.061617 0.646377
