22 0.034986 0.573944 0.051579 0.774648
27 0.089764 0.568662 0.053978 0.806338
17 0.153938 0.549296 0.055978 0.704225
27 0.210316 0.552817 0.055178 0.676056
30 0.274690 0.588028 0.055978 0.767606
5 0.332667 0.492958 0.050380 0.633803
8 0.389644 0.573944 0.052379 0.795775
9 0.445022 0.538732 0.039984 0.683099
0 0.503798 0.544014 0.050380 0.693662
20 0.561575 0.498239 0.053978 0.742958
25 0.614154 0.508803 0.051180 0.785211
1 0.675930 0.512324 0.044382 0.735915
0 0.736905 0.466549 0.052779 0.644366
2 0.795282 0.517606 0.050380 0.781690
3 0.852259 0.558099 0.052379 0.806338
1 0.908437 0.512324 0.045582 0.813380
8 0.964214 0.466549 0.054778 0.806338
