22 0.043358 0.501736 0.051661 0.565972
27 0.098478 0.515625 0.049354 0.559028
17 0.157749 0.515625 0.059963 0.593750
27 0.214022 0.543403 0.050738 0.635417
30 0.273985 0.527778 0.051661 0.618056
5 0.334871 0.548611 0.054428 0.645833
8 0.389991 0.557292 0.053967 0.642361
9 0.447417 0.536458 0.049815 0.670139
0 0.502998 0.569444 0.054889 0.583333
20 0.558118 0.572917 0.052583 0.576389
25 0.615544 0.569444 0.053044 0.618056
1 0.669050 0.578125 0.040129 0.684028
0 0.729705 0.595486 0.049815 0.635417
2 0.783902 0.626736 0.047509 0.746528
3 0.839945 0.602431 0.062731 0.600694
2 0.895756 0.586806 0.050738 0.652778
0 0.953183 0.595486 0.064114 0.670139
