22 0.049024 0.494297 0.054368 0.676806
27 0.106413 0.507605 0.055762 0.741445
17 0.161942 0.500000 0.048792 0.650190
27 0.219099 0.555133 0.054368 0.684411
30 0.279740 0.486692 0.055762 0.676806
5 0.338058 0.522814 0.054368 0.749049
8 0.396608 0.503802 0.053439 0.657795
9 0.452835 0.526616 0.054368 0.688213
0 0.508132 0.503802 0.049721 0.657795
20 0.561338 0.498099 0.056691 0.722433
25 0.617100 0.509506 0.052045 0.722433
1 0.675418 0.496198 0.042286 0.695817
0 0.735595 0.507605 0.051115 0.779468
2 0.789730 0.490494 0.048792 0.669202
3 0.848745 0.500000 0.053439 0.741445
2 0.908457 0.498099 0.052045 0.722433
0 0.968169 0.517110 0.059015 0.760456
