22 0.041341 0.626984 0.058797 0.746032
27 0.096922 0.642857 0.055122 0.714286
17 0.160083 0.623016 0.053744 0.698413
27 0.213597 0.642857 0.048691 0.714286
30 0.275379 0.583333 0.049150 0.698413
5 0.334175 0.613095 0.048232 0.734127
8 0.393661 0.617063 0.045935 0.686508
9 0.450161 0.593254 0.045016 0.773810
0 0.507120 0.541667 0.051447 0.646825
20 0.564768 0.545635 0.052825 0.694444
25 0.623794 0.543651 0.056040 0.793651
1 0.681902 0.563492 0.047313 0.793651
0 0.737483 0.472222 0.048232 0.746032
2 0.793064 0.505952 0.053744 0.773810
3 0.853468 0.501984 0.062471 0.742063
2 0.915939 0.476190 0.056040 0.793651
0 0.970372 0.444444 0.048232 0.761905
