22 0.038496 0.492647 0.053715 0.544118
27 0.091987 0.458824 0.055953 0.535294
17 0.153089 0.476471 0.059087 0.558824
27 0.210833 0.491176 0.044763 0.558824
30 0.271710 0.466176 0.052820 0.508824
5 0.331021 0.473529 0.055058 0.594118
8 0.387422 0.461765 0.047001 0.529412
9 0.444494 0.473529 0.049239 0.523529
0 0.501119 0.473529 0.047896 0.564706
20 0.556401 0.492647 0.044763 0.573529
25 0.612355 0.480882 0.053715 0.597059
1 0.673456 0.507353 0.041629 0.661765
0 0.730976 0.498529 0.053715 0.544118
2 0.787153 0.498529 0.051477 0.544118
3 0.840197 0.513235 0.048344 0.514706
2 0.899508 0.505882 0.056849 0.558824
0 0.953223 0.458824 0.056849 0.564706
