22 0.032801 0.436306 0.046612 0.630573
27 0.087397 0.420382 0.053086 0.611465
17 0.148899 0.444268 0.057833 0.595541
27 0.209538 0.466561 0.052223 0.671975
30 0.269745 0.453822 0.054381 0.576433
5 0.327579 0.474522 0.054381 0.617834
8 0.386707 0.474522 0.050065 0.636943
9 0.442814 0.495223 0.046612 0.646497
0 0.497842 0.469745 0.052223 0.729299
20 0.558697 0.495223 0.048770 0.627389
25 0.615451 0.511146 0.053517 0.678344
1 0.669400 0.495223 0.036254 0.627389
0 0.726802 0.520701 0.053517 0.729299
2 0.790893 0.549363 0.052223 0.703822
3 0.846137 0.503185 0.044454 0.630573
2 0.901165 0.558917 0.050065 0.652866
2 0.960293 0.595541 0.047475 0.694268
