22 0.044740 0.507194 0.044959 0.625899
27 0.099956 0.498201 0.052379 0.665468
17 0.157137 0.492806 0.046268 0.618705
27 0.213662 0.503597 0.044959 0.676259
30 0.274116 0.494604 0.042776 0.672662
5 0.331078 0.489209 0.053688 0.611511
8 0.390441 0.516187 0.046704 0.701439
9 0.443038 0.503597 0.044522 0.748201
0 0.503710 0.517986 0.051506 0.719424
20 0.556089 0.512590 0.051506 0.694245
25 0.611087 0.503597 0.051506 0.690647
1 0.670231 0.512590 0.037975 0.730216
0 0.728066 0.503597 0.048014 0.690647
2 0.782846 0.512590 0.050196 0.708633
3 0.836534 0.489209 0.052815 0.683453
2 0.893933 0.521583 0.051506 0.712230
2 0.951768 0.489209 0.061545 0.683453
