22 0.038515 0.534413 0.049020 0.680162
27 0.091970 0.497976 0.053221 0.672065
17 0.154528 0.500000 0.051354 0.692308
27 0.211485 0.512146 0.051354 0.740891
30 0.269608 0.487854 0.053688 0.651822
5 0.330532 0.497976 0.050420 0.672065
8 0.389356 0.487854 0.046685 0.692308
9 0.445612 0.542510 0.043417 0.720648
0 0.502334 0.518219 0.056956 0.753036
20 0.556489 0.528340 0.051354 0.748988
25 0.613679 0.532389 0.053688 0.740891
1 0.673436 0.542510 0.045285 0.761134
0 0.733660 0.522267 0.043417 0.761134
2 0.789916 0.534413 0.051354 0.817814
3 0.841737 0.504049 0.056956 0.757085
2 0.904062 0.546559 0.049020 0.809717
2 0.955182 0.558704 0.056022 0.850202
