22 0.042148 0.542910 0.051776 0.735075
27 0.095635 0.514925 0.048353 0.776119
17 0.158537 0.500000 0.050920 0.708955
27 0.216089 0.509328 0.053059 0.667910
30 0.275139 0.479478 0.049636 0.667910
5 0.330766 0.475746 0.050492 0.638060
8 0.391100 0.473881 0.049636 0.716418
9 0.444587 0.464552 0.048780 0.675373
0 0.500214 0.485075 0.049636 0.679104
20 0.556055 0.494403 0.050920 0.735075
25 0.614035 0.490672 0.053915 0.764925
1 0.668164 0.500000 0.038083 0.783582
0 0.727642 0.449627 0.040650 0.787313
2 0.781772 0.490672 0.049636 0.727612
3 0.837612 0.455224 0.050920 0.582090
2 0.892811 0.475746 0.050920 0.697761
2 0.950364 0.479478 0.064185 0.690299
