22 0.043135 0.549587 0.056459 0.661157
27 0.095303 0.559917 0.049684 0.681818
17 0.157859 0.545455 0.055556 0.652893
27 0.213189 0.582645 0.048780 0.743802
30 0.272358 0.530992 0.054201 0.681818
5 0.327236 0.555785 0.052846 0.756198
8 0.379630 0.493802 0.051942 0.690083
9 0.441283 0.559917 0.050587 0.805785
0 0.493451 0.564050 0.051039 0.871901
20 0.550813 0.555785 0.051039 0.797521
25 0.607724 0.497934 0.056459 0.723140
1 0.662602 0.518595 0.037037 0.805785
0 0.723126 0.561983 0.049684 0.867769
2 0.779584 0.514463 0.054201 0.772727
3 0.837624 0.477273 0.055556 0.723140
2 0.892954 0.483471 0.055104 0.900826
4 0.956865 0.504132 0.065492 0.859504
