22 0.036421 0.582746 0.053957 0.609155
27 0.090827 0.591549 0.054856 0.732394
17 0.151529 0.542254 0.054856 0.598592
27 0.204362 0.524648 0.055306 0.633803
30 0.265737 0.480634 0.053957 0.651408
5 0.324191 0.491197 0.049460 0.616197
8 0.381295 0.503521 0.053957 0.591549
9 0.438174 0.468310 0.052608 0.697183
0 0.498201 0.485915 0.049460 0.591549
20 0.552158 0.480634 0.049460 0.616197
25 0.608363 0.471831 0.058453 0.633803
1 0.667491 0.512324 0.039119 0.785211
0 0.722122 0.535211 0.049460 0.704225
2 0.780576 0.494718 0.053957 0.728873
3 0.835432 0.454225 0.053957 0.598592
2 0.896133 0.480634 0.058453 0.721831
4 0.953687 0.447183 0.058453 0.598592
