22 0.042637 0.677632 0.050110 0.644737
27 0.097363 0.656250 0.057582 0.615132
17 0.162637 0.621711 0.057143 0.598684
27 0.218462 0.638158 0.051868 0.631579
30 0.278242 0.592105 0.056264 0.572368
5 0.333846 0.574013 0.050549 0.608553
8 0.388571 0.570724 0.051868 0.615132
9 0.445495 0.527961 0.053187 0.634868
0 0.501319 0.532895 0.056703 0.605263
20 0.557143 0.562500 0.057582 0.651316
25 0.611209 0.527961 0.050549 0.634868
1 0.668132 0.536184 0.043077 0.651316
0 0.726593 0.495066 0.051868 0.667763
2 0.783516 0.483553 0.057582 0.657895
3 0.841538 0.473684 0.058462 0.638158
2 0.903297 0.430921 0.043956 0.690789
4 0.954286 0.419408 0.047473 0.667763
