22 0.039836 0.640988 0.051249 0.590116
27 0.095823 0.579942 0.052110 0.526163
17 0.158269 0.587209 0.061585 0.587209
27 0.213824 0.579942 0.049526 0.601744
30 0.276701 0.569767 0.062446 0.581395
5 0.336133 0.533430 0.059001 0.526163
8 0.396210 0.568314 0.054264 0.613372
9 0.451766 0.533430 0.049957 0.590116
0 0.508398 0.495640 0.052110 0.572674
20 0.564599 0.495640 0.053402 0.543605
25 0.620586 0.465116 0.049957 0.540698
1 0.676141 0.485465 0.038760 0.581395
0 0.739018 0.484012 0.057709 0.595930
2 0.796296 0.472384 0.054264 0.619186
3 0.850129 0.441860 0.053402 0.604651
2 0.907407 0.441860 0.054264 0.651163
4 0.963394 0.408430 0.050818 0.613372
