22 0.036479 0.582418 0.053132 0.732601
27 0.090801 0.573260 0.053132 0.772894
17 0.149683 0.556777 0.062252 0.739927
27 0.209159 0.556777 0.054322 0.703297
30 0.268041 0.547619 0.054718 0.743590
5 0.324148 0.540293 0.053529 0.692308
8 0.381245 0.593407 0.054322 0.710623
9 0.439532 0.556777 0.046392 0.805861
0 0.495837 0.582418 0.051943 0.776557
20 0.548573 0.565934 0.048771 0.868132
25 0.605075 0.582418 0.055511 0.835165
1 0.663362 0.556777 0.045202 0.783883
0 0.720856 0.576923 0.051546 0.846154
2 0.779738 0.551282 0.047185 0.897436
3 0.839215 0.571429 0.050357 0.857143
2 0.896114 0.584249 0.057891 0.794872
6 0.958366 0.565934 0.057098 0.868132
