22 0.049896 0.690939 0.055072 0.592233
27 0.100828 0.668285 0.055901 0.637540
17 0.162319 0.616505 0.053830 0.637540
27 0.217184 0.647249 0.053416 0.666667
30 0.277640 0.572816 0.053416 0.640777
5 0.337267 0.585761 0.052588 0.595469
8 0.391718 0.595469 0.053830 0.595469
9 0.451139 0.563107 0.046791 0.621359
0 0.503727 0.577670 0.046791 0.663430
20 0.561284 0.538835 0.055072 0.708738
25 0.617805 0.525890 0.051346 0.663430
1 0.671429 0.467638 0.040166 0.656958
0 0.729607 0.493528 0.051346 0.760518
2 0.793582 0.524272 0.049275 0.718447
3 0.846791 0.477346 0.050518 0.689320
2 0.902070 0.415858 0.049275 0.637540
6 0.961491 0.411003 0.060455 0.666667
