22 0.039810 0.662687 0.051060 0.501493
27 0.093682 0.658209 0.052358 0.510448
17 0.154695 0.631343 0.046300 0.552239
27 0.209866 0.628358 0.054522 0.558209
30 0.270229 0.597015 0.054955 0.543284
5 0.325400 0.589552 0.053656 0.558209
8 0.384033 0.577612 0.052358 0.582090
9 0.438122 0.558209 0.044569 0.573134
0 0.495889 0.592537 0.050195 0.611940
20 0.549113 0.595522 0.050195 0.635821
25 0.609693 0.568657 0.047598 0.611940
1 0.663133 0.556716 0.045435 0.605970
0 0.724578 0.532836 0.052358 0.588060
2 0.786672 0.558209 0.049329 0.620896
3 0.839680 0.544776 0.048031 0.629851
2 0.897014 0.540299 0.057984 0.698507
6 0.958676 0.513433 0.053224 0.674627
