22 0.036091 0.429936 0.050332 0.681529
27 0.092860 0.425159 0.054623 0.621019
17 0.152751 0.417197 0.051112 0.636943
27 0.210691 0.442675 0.051502 0.656051
30 0.272337 0.449045 0.054623 0.700637
5 0.327546 0.452229 0.055794 0.656051
8 0.384705 0.429936 0.046820 0.592357
9 0.440694 0.447452 0.047991 0.773885
0 0.501561 0.471338 0.051112 0.656051
20 0.558525 0.515924 0.051112 0.764331
25 0.609637 0.520701 0.053453 0.754777
1 0.667577 0.484076 0.033554 0.700637
0 0.724542 0.501592 0.051502 0.754777
2 0.786383 0.538217 0.052673 0.700637
3 0.844518 0.547771 0.045650 0.700637
2 0.900117 0.533439 0.056964 0.691083
8 0.958642 0.547771 0.049161 0.757962
