22 0.036154 0.466049 0.050060 0.574074
27 0.091180 0.510802 0.059992 0.645062
17 0.151967 0.470679 0.049662 0.688272
27 0.207191 0.498457 0.046484 0.669753
30 0.268772 0.501543 0.056814 0.626543
5 0.323798 0.515432 0.055622 0.672840
8 0.385379 0.572531 0.042114 0.694444
9 0.438617 0.537037 0.046881 0.697531
0 0.499404 0.569444 0.050060 0.669753
20 0.555622 0.581790 0.048868 0.694444
25 0.612237 0.555556 0.053238 0.660494
1 0.673023 0.529321 0.034168 0.626543
0 0.733214 0.564815 0.054430 0.660494
2 0.793206 0.569444 0.056814 0.688272
3 0.847835 0.546296 0.056416 0.716049
2 0.905244 0.581790 0.046484 0.768519
8 0.964839 0.594136 0.059197 0.793210
