22 0.040486 0.650485 0.049393 0.556634
27 0.096154 0.621359 0.053036 0.647249
17 0.155263 0.624595 0.053036 0.647249
27 0.211943 0.624595 0.053036 0.647249
30 0.271862 0.582524 0.053036 0.647249
5 0.336235 0.605178 0.053036 0.647249
8 0.388462 0.588997 0.053036 0.647249
9 0.445142 0.527508 0.053036 0.647249
0 0.506275 0.556634 0.053036 0.647249
20 0.556073 0.550162 0.053036 0.647249
25 0.620445 0.543689 0.053036 0.647249
1 0.679150 0.527508 0.053036 0.647249
0 0.737854 0.514563 0.053036 0.647249
2 0.795749 0.514563 0.053036 0.647249
3 0.850000 0.482201 0.053036 0.647249
2 0.906680 0.456311 0.053036 0.647249
8 0.964170 0.443366 0.053036 0.647249
