22 0.038980 0.655870 0.050147 0.688259
27 0.092499 0.645749 0.045091 0.708502
17 0.150232 0.597166 0.060261 0.700405
27 0.209861 0.601215 0.054783 0.797571
30 0.272440 0.591093 0.056890 0.712551
5 0.332280 0.568826 0.053519 0.732794
8 0.388116 0.587045 0.053940 0.680162
9 0.441003 0.562753 0.050147 0.809717
0 0.499579 0.552632 0.053519 0.854251
20 0.557733 0.532389 0.056047 0.789474
25 0.613148 0.526316 0.045512 0.842105
1 0.666035 0.497976 0.034977 0.809717
0 0.723346 0.497976 0.050147 0.744939
2 0.788032 0.526316 0.048883 0.817814
3 0.844290 0.497976 0.047619 0.809717
2 0.899916 0.459514 0.050147 0.757085
8 0.956384 0.459514 0.056047 0.821862
