22 0.052779 0.534130 0.051846 0.631399
27 0.105371 0.493174 0.048862 0.610922
17 0.168034 0.518771 0.051846 0.703072
27 0.219508 0.518771 0.046624 0.682594
30 0.282917 0.493174 0.057814 0.651877
5 0.338307 0.488055 0.052965 0.703072
8 0.392391 0.503413 0.048489 0.713311
9 0.452443 0.539249 0.048489 0.744027
0 0.504849 0.518771 0.051846 0.764505
20 0.557441 0.518771 0.051100 0.744027
25 0.615628 0.477816 0.049608 0.703072
1 0.669526 0.503413 0.030586 0.815700
0 0.731070 0.493174 0.054457 0.692833
2 0.789258 0.513652 0.050727 0.774744
3 0.846326 0.488055 0.058933 0.784983
3 0.903394 0.493174 0.044013 0.774744
0 0.961022 0.488055 0.053338 0.784983
