22 0.041635 0.721622 0.046261 0.540541
27 0.098497 0.705405 0.051272 0.589189
17 0.157864 0.660811 0.052043 0.548649
27 0.217425 0.660811 0.055513 0.581081
30 0.278527 0.602703 0.051272 0.540541
5 0.336353 0.578378 0.048959 0.589189
8 0.392444 0.605405 0.047803 0.594595
9 0.449692 0.578378 0.046646 0.589189
0 0.508674 0.564865 0.053585 0.675676
20 0.563608 0.513514 0.045490 0.589189
25 0.618736 0.490541 0.050887 0.586486
1 0.676947 0.482432 0.038551 0.618919
0 0.734387 0.447297 0.046261 0.548649
2 0.791056 0.429730 0.053200 0.659459
3 0.849460 0.382432 0.049730 0.564865
3 0.907864 0.414865 0.053200 0.629730
0 0.961064 0.375676 0.053200 0.643243
