22 0.039720 0.594044 0.046729 0.617555
27 0.095989 0.598746 0.047897 0.608150
17 0.155958 0.553292 0.045561 0.680251
27 0.211449 0.557994 0.054517 0.670846
30 0.272196 0.553292 0.051402 0.661442
5 0.328466 0.534483 0.050234 0.661442
8 0.387266 0.598746 0.050234 0.752351
9 0.445093 0.601881 0.041277 0.689655
0 0.501558 0.561129 0.046729 0.733542
20 0.553738 0.567398 0.049065 0.708464
25 0.610981 0.557994 0.056854 0.727273
1 0.664525 0.575235 0.045561 0.780564
0 0.725078 0.543887 0.046729 0.717868
2 0.779595 0.509404 0.057632 0.680251
3 0.838590 0.498433 0.055685 0.733542
3 0.895833 0.521944 0.050234 0.761755
0 0.949766 0.495298 0.051402 0.777429
