22 0.044184 0.639925 0.054103 0.615672
27 0.097610 0.602612 0.052750 0.652985
17 0.158927 0.591418 0.051849 0.615672
27 0.216637 0.597015 0.051849 0.626866
30 0.275699 0.550373 0.050947 0.660448
5 0.333634 0.563433 0.049594 0.708955
8 0.394049 0.555970 0.050496 0.634328
9 0.448828 0.541045 0.038323 0.791045
0 0.505636 0.541045 0.048242 0.626866
20 0.563120 0.541045 0.053201 0.738806
25 0.619928 0.527985 0.049594 0.764925
1 0.672002 0.457090 0.042831 0.697761
0 0.735573 0.472015 0.048242 0.652985
2 0.794860 0.462687 0.049594 0.858209
3 0.850992 0.522388 0.042831 0.813433
3 0.908025 0.419776 0.048693 0.682836
2 0.959423 0.429104 0.058611 0.679104
