22 0.034894 0.663194 0.052342 0.618056
27 0.093205 0.663194 0.056933 0.618056
17 0.152663 0.607639 0.052801 0.680556
27 0.204775 0.602431 0.051423 0.565972
30 0.263315 0.586806 0.052801 0.618056
5 0.325069 0.593750 0.056933 0.652778
8 0.381084 0.569444 0.056933 0.618056
9 0.433655 0.510417 0.039027 0.666667
0 0.494720 0.545139 0.049128 0.618056
20 0.550046 0.510417 0.052342 0.701389
25 0.608356 0.513889 0.061524 0.694444
1 0.662075 0.484375 0.041322 0.718750
0 0.724288 0.454861 0.053719 0.659722
2 0.785124 0.451389 0.061524 0.652778
3 0.840680 0.369792 0.054178 0.607639
3 0.897842 0.392361 0.060147 0.618056
2 0.960973 0.395833 0.066116 0.645833
