22 0.038807 0.674757 0.056976 0.572816
27 0.094886 0.634304 0.055182 0.640777
17 0.155900 0.639159 0.047106 0.663430
27 0.212651 0.618123 0.050247 0.556634
30 0.273217 0.590615 0.054733 0.533981
5 0.327725 0.558252 0.051593 0.598706
8 0.389861 0.533981 0.052939 0.517799
9 0.444818 0.529126 0.041723 0.592233
0 0.502467 0.529126 0.053836 0.605178
20 0.558771 0.525890 0.051593 0.663430
25 0.610812 0.521036 0.050695 0.686084
1 0.673172 0.496764 0.047106 0.656958
0 0.726335 0.432039 0.052939 0.702265
2 0.788694 0.440129 0.058322 0.621359
3 0.844549 0.415858 0.051593 0.656958
3 0.901301 0.415858 0.057425 0.669903
2 0.959623 0.388350 0.057425 0.614887
