22 0.046563 0.661972 0.052328 0.669014
27 0.101552 0.603873 0.051441 0.623239
17 0.165854 0.619718 0.049667 0.605634
27 0.222173 0.598592 0.053215 0.577465
30 0.281818 0.579225 0.050111 0.651408
5 0.341020 0.570423 0.043459 0.633803
8 0.398226 0.593310 0.048780 0.602113
9 0.456984 0.602113 0.045676 0.640845
0 0.510421 0.547535 0.049667 0.623239
20 0.565632 0.538732 0.046563 0.697183
25 0.621286 0.552817 0.048780 0.647887
1 0.675166 0.561620 0.045676 0.778169
0 0.736142 0.526408 0.053215 0.721831
2 0.793570 0.538732 0.043016 0.697183
3 0.847672 0.503521 0.046563 0.676056
3 0.905987 0.498239 0.052328 0.616197
2 0.960532 0.466549 0.052328 0.588028
