22 0.042087 0.715714 0.055239 0.477143
27 0.099299 0.690000 0.053047 0.528571
17 0.160018 0.667143 0.055239 0.528571
27 0.216352 0.652857 0.053047 0.540000
30 0.272907 0.627143 0.053924 0.477143
5 0.333845 0.634286 0.046909 0.548571
8 0.388865 0.605714 0.049101 0.565714
9 0.446734 0.587143 0.048224 0.557143
0 0.501973 0.557143 0.048224 0.525714
20 0.556993 0.572857 0.053047 0.557143
25 0.612012 0.525714 0.050855 0.520000
1 0.670320 0.510000 0.039456 0.551429
0 0.728847 0.505714 0.046032 0.542857
2 0.784524 0.524286 0.049540 0.608571
3 0.845901 0.465714 0.050416 0.565714
3 0.900921 0.421429 0.043840 0.534286
4 0.954406 0.364286 0.047348 0.534286
