22 0.034167 0.764789 0.052255 0.470423
27 0.089996 0.729577 0.059402 0.540845
17 0.151407 0.718310 0.057168 0.535211
27 0.208352 0.711268 0.056722 0.577465
30 0.270880 0.704225 0.059402 0.535211
5 0.325592 0.630986 0.050022 0.473239
8 0.387003 0.659155 0.052255 0.569014
9 0.447298 0.635211 0.046003 0.549296
0 0.498660 0.581690 0.052255 0.487324
20 0.555605 0.616901 0.052702 0.569014
25 0.612550 0.588732 0.047789 0.557746
1 0.673292 0.602817 0.042430 0.625352
0 0.732470 0.564789 0.049129 0.549296
2 0.793435 0.574648 0.052255 0.557746
3 0.847477 0.535211 0.051362 0.535211
3 0.902188 0.525352 0.058062 0.583099
4 0.963153 0.490141 0.056722 0.529577
