22 0.048330 0.655518 0.051225 0.595318
27 0.104900 0.633779 0.055679 0.585284
17 0.162806 0.605351 0.055679 0.575251
27 0.221381 0.608696 0.058797 0.602007
30 0.283073 0.566890 0.051225 0.551839
5 0.338307 0.575251 0.050334 0.602007
8 0.395100 0.568562 0.052561 0.568562
9 0.454566 0.566890 0.042316 0.618729
0 0.506459 0.521739 0.049889 0.595318
20 0.560579 0.513378 0.051225 0.645485
25 0.616258 0.488294 0.051225 0.642140
1 0.674610 0.483278 0.050334 0.719064
0 0.737416 0.466555 0.051225 0.618729
2 0.794209 0.471572 0.048998 0.695652
3 0.851670 0.459866 0.048107 0.652174
3 0.904009 0.441472 0.045880 0.635452
4 0.958575 0.421405 0.058797 0.642140
