22 0.046253 0.660828 0.050879 0.544586
27 0.103145 0.656051 0.051804 0.535032
17 0.165819 0.641720 0.055042 0.582803
27 0.222017 0.633758 0.050879 0.535032
30 0.283071 0.621019 0.052729 0.560510
5 0.339963 0.614650 0.047179 0.560510
8 0.400324 0.593949 0.048566 0.550955
9 0.457447 0.582803 0.042553 0.605096
0 0.510407 0.552548 0.049491 0.557325
20 0.564061 0.547771 0.053191 0.598726
25 0.631591 0.495223 0.059667 0.582803
1 0.684783 0.544586 0.032840 0.605096
0 0.740518 0.501592 0.049954 0.550955
2 0.798566 0.498408 0.057817 0.621019
3 0.855227 0.471338 0.050879 0.598726
3 0.910962 0.471338 0.044866 0.535032
4 0.964385 0.482484 0.050879 0.652866
