22 0.051549 0.585586 0.046460 0.819820
27 0.107301 0.581081 0.057965 0.837838
17 0.169027 0.578829 0.049558 0.833333
27 0.224558 0.587838 0.047345 0.824324
30 0.283850 0.545045 0.054425 0.900901
5 0.342035 0.567568 0.051327 0.783784
8 0.393805 0.556306 0.047788 0.788288
9 0.451991 0.569820 0.050885 0.860360
0 0.505752 0.558559 0.046903 0.882883
20 0.563717 0.551802 0.049558 0.896396
25 0.618805 0.545045 0.046460 0.900901
1 0.675221 0.565315 0.036283 0.869369
0 0.728319 0.536036 0.040708 0.927928
2 0.784513 0.542793 0.051327 0.878378
3 0.843584 0.538288 0.050885 0.914414
3 0.896018 0.513514 0.045133 0.972973
6 0.953097 0.504505 0.056637 0.891892
