22 0.046756 0.554435 0.050559 0.697581
27 0.103132 0.524194 0.051454 0.758065
17 0.161969 0.540323 0.050112 0.725806
27 0.221924 0.564516 0.053691 0.733871
30 0.280984 0.504032 0.049217 0.693548
5 0.339374 0.514113 0.055928 0.737903
8 0.395078 0.493952 0.049217 0.657258
9 0.452125 0.514113 0.046980 0.737903
0 0.511409 0.514113 0.053691 0.737903
20 0.565324 0.524194 0.042506 0.774194
25 0.624385 0.534274 0.055928 0.818548
1 0.678747 0.510081 0.030425 0.907258
0 0.734676 0.487903 0.050112 0.766129
2 0.792841 0.473790 0.054586 0.754032
3 0.849888 0.457661 0.047875 0.705645
3 0.905817 0.443548 0.052349 0.717742
6 0.963982 0.439516 0.056823 0.766129
