22 0.034054 0.488806 0.052462 0.671642
27 0.090198 0.473881 0.052462 0.664179
17 0.154165 0.479478 0.055223 0.652985
27 0.212609 0.483209 0.050621 0.682836
30 0.273815 0.451493 0.056144 0.671642
5 0.333870 0.488806 0.054763 0.656716
8 0.392775 0.492537 0.053843 0.649254
9 0.451680 0.492537 0.050161 0.776119
0 0.508744 0.524254 0.048320 0.712687
20 0.564427 0.511194 0.053843 0.791045
25 0.618270 0.470149 0.053843 0.783582
1 0.675104 0.479478 0.034975 0.727612
0 0.733318 0.520522 0.048320 0.645522
2 0.795674 0.529851 0.054303 0.738806
3 0.852508 0.505597 0.048320 0.675373
3 0.910723 0.501866 0.050621 0.697761
6 0.964105 0.524254 0.049701 0.727612
