22 0.045337 0.559917 0.050950 0.772727
27 0.102763 0.533058 0.056995 0.760331
17 0.166451 0.533058 0.054836 0.760331
27 0.223230 0.533058 0.054404 0.760331
30 0.286269 0.446281 0.053541 0.719008
5 0.341537 0.489669 0.047496 0.805785
8 0.401554 0.477273 0.056995 0.632231
9 0.457254 0.429752 0.047496 0.685950
0 0.516408 0.487603 0.050086 0.719008
20 0.568005 0.440083 0.048791 0.706612
25 0.623705 0.440083 0.044473 0.772727
1 0.680052 0.466942 0.033679 0.801653
0 0.737910 0.446281 0.047496 0.719008
2 0.791235 0.427686 0.052245 0.772727
3 0.845855 0.390496 0.047496 0.714876
3 0.902850 0.396694 0.056995 0.661157
6 0.957902 0.435950 0.053109 0.739669
