22 0.034470 0.457929 0.049242 0.676375
27 0.090341 0.482201 0.051136 0.647249
17 0.151894 0.448220 0.054545 0.618123
27 0.210417 0.475728 0.057955 0.673139
30 0.269129 0.433657 0.045833 0.705502
5 0.327462 0.472492 0.051136 0.627832
8 0.388258 0.500000 0.054545 0.682848
9 0.444508 0.475728 0.048864 0.673139
0 0.500189 0.457929 0.051136 0.637540
20 0.556439 0.500000 0.047727 0.760518
25 0.610985 0.519417 0.056818 0.741100
1 0.664015 0.495146 0.035606 0.828479
0 0.725189 0.495146 0.046591 0.692557
2 0.786553 0.517799 0.051136 0.705502
3 0.843939 0.485437 0.047727 0.711974
3 0.903030 0.485437 0.047727 0.692557
8 0.955871 0.472492 0.055682 0.647249
