22 0.038009 0.547529 0.049373 0.836502
27 0.091693 0.549430 0.051724 0.749049
17 0.153605 0.558935 0.054859 0.790875
27 0.210815 0.581749 0.050157 0.836502
30 0.275274 0.515209 0.056034 0.794677
5 0.334444 0.547529 0.053683 0.707224
8 0.389890 0.553232 0.052508 0.741445
9 0.447884 0.558935 0.045455 0.882129
0 0.507053 0.543726 0.044671 0.783270
20 0.561716 0.530418 0.053683 0.825095
25 0.619514 0.530418 0.050157 0.847909
1 0.679271 0.558935 0.035658 0.882129
0 0.734326 0.547529 0.060345 0.790875
2 0.799765 0.558935 0.059561 0.836502
3 0.854036 0.532319 0.040361 0.889734
3 0.908895 0.503802 0.053683 0.794677
8 0.965517 0.498099 0.052508 0.783270
