22 0.039717 0.444637 0.049548 0.640138
27 0.096540 0.449827 0.053087 0.650519
17 0.157884 0.455017 0.053873 0.681661
27 0.212348 0.498270 0.050334 0.809689
30 0.277035 0.444637 0.053873 0.640138
5 0.333071 0.444637 0.047188 0.723183
8 0.391074 0.470588 0.048368 0.671280
9 0.448683 0.513841 0.049548 0.778547
0 0.502753 0.493080 0.051514 0.702422
20 0.559969 0.505190 0.051907 0.782007
25 0.613449 0.463668 0.050334 0.782007
1 0.669092 0.484429 0.040503 0.719723
0 0.726308 0.455017 0.055840 0.702422
2 0.785293 0.532872 0.050334 0.761246
3 0.844868 0.487889 0.048368 0.692042
3 0.902084 0.489619 0.050334 0.709343
8 0.957137 0.484429 0.059772 0.782007
