22 0.038583 0.521401 0.053423 0.778210
27 0.093589 0.509728 0.056589 0.731518
17 0.156312 0.509728 0.055402 0.801556
27 0.213890 0.492218 0.053423 0.766537
30 0.274832 0.494163 0.048674 0.832685
5 0.334784 0.466926 0.053027 0.801556
8 0.393154 0.488327 0.054214 0.735409
9 0.454294 0.517510 0.047487 0.856031
0 0.507717 0.470817 0.053027 0.832685
20 0.564899 0.494163 0.045509 0.856031
25 0.620894 0.498054 0.050653 0.957198
1 0.674515 0.470817 0.036011 0.879377
0 0.733478 0.470817 0.054214 0.832685
2 0.796795 0.511673 0.051840 0.867704
3 0.852196 0.505837 0.051840 0.832685
3 0.911555 0.453307 0.051049 0.688716
8 0.966363 0.470817 0.058567 0.879377
