22 0.035824 0.578947 0.056703 0.728745
27 0.098242 0.574899 0.061978 0.736842
17 0.160440 0.554656 0.055385 0.631579
27 0.214945 0.601215 0.044835 0.789474
30 0.276484 0.568826 0.055385 0.829960
5 0.332747 0.548583 0.052747 0.724696
8 0.394066 0.558704 0.054066 0.744939
9 0.446593 0.576923 0.043956 0.846154
0 0.506813 0.538462 0.060659 0.728745
20 0.561978 0.542510 0.049670 0.777328
25 0.615824 0.552632 0.048352 0.716599
1 0.669670 0.570850 0.037363 0.858300
0 0.734066 0.532389 0.052747 0.716599
2 0.784396 0.556680 0.052308 0.886640
3 0.846813 0.552632 0.057582 0.757085
4 0.902418 0.552632 0.051868 0.862348
0 0.961099 0.536437 0.056703 0.927126
