22 0.040784 0.388350 0.047319 0.614887
27 0.098242 0.364078 0.058585 0.566343
17 0.159531 0.396440 0.054980 0.598706
27 0.218792 0.407767 0.051825 0.608414
30 0.275575 0.411003 0.052726 0.582524
5 0.331906 0.407767 0.059937 0.588997
8 0.392744 0.436893 0.046417 0.550162
9 0.447950 0.440129 0.050473 0.686084
0 0.505408 0.464401 0.048220 0.624595
20 0.562866 0.488673 0.050473 0.673139
25 0.617395 0.464401 0.054078 0.592233
1 0.670572 0.504854 0.045065 0.621359
0 0.731861 0.480583 0.045967 0.689320
2 0.792023 0.529126 0.051825 0.656958
3 0.844074 0.504854 0.049572 0.640777
4 0.902659 0.525890 0.049572 0.663430
0 0.962145 0.501618 0.058585 0.679612
