22 0.048665 0.422581 0.052060 0.554839
27 0.104346 0.441935 0.052060 0.580645
17 0.167044 0.458065 0.050702 0.580645
27 0.220235 0.438710 0.055681 0.554839
30 0.280217 0.422581 0.059756 0.522581
5 0.336804 0.474194 0.046175 0.677419
8 0.394522 0.500000 0.051154 0.612903
9 0.449977 0.491935 0.048891 0.596774
0 0.506564 0.487097 0.044364 0.619355
20 0.559077 0.459677 0.054323 0.629032
25 0.618606 0.503226 0.052965 0.619355
1 0.678135 0.511290 0.045269 0.700000
0 0.734495 0.514516 0.047533 0.661290
2 0.792214 0.532258 0.054323 0.645161
3 0.846084 0.524194 0.048891 0.564516
4 0.901992 0.516129 0.052060 0.612903
0 0.961068 0.503226 0.054323 0.574194
