22 0.035108 0.483871 0.048539 0.661290
27 0.092366 0.483871 0.043355 0.701613
17 0.152922 0.465726 0.050424 0.665323
27 0.213478 0.508065 0.052780 0.750000
30 0.270735 0.459677 0.052309 0.653226
5 0.327286 0.469758 0.056079 0.689516
8 0.386899 0.479839 0.045240 0.653226
9 0.445806 0.514113 0.046183 0.762097
0 0.503534 0.489919 0.051367 0.745968
20 0.556315 0.455645 0.051367 0.717742
25 0.614750 0.495968 0.049482 0.701613
1 0.675306 0.542339 0.047125 0.834677
0 0.734213 0.514113 0.048068 0.721774
2 0.792884 0.546371 0.049482 0.786290
3 0.845900 0.489919 0.051838 0.770161
4 0.905749 0.532258 0.057493 0.798387
0 0.965834 0.500000 0.054194 0.766129
