22 0.036917 0.407767 0.052245 0.569579
27 0.094775 0.417476 0.052245 0.569579
17 0.152850 0.407767 0.050086 0.673139
27 0.213083 0.443366 0.049655 0.588997
30 0.272237 0.404531 0.052245 0.614887
5 0.332254 0.464401 0.052245 0.631068
8 0.389680 0.498382 0.048791 0.679612
9 0.446028 0.498382 0.050086 0.679612
0 0.501727 0.493528 0.043178 0.624595
20 0.557427 0.488673 0.050086 0.647249
25 0.615933 0.488673 0.048791 0.614887
1 0.669905 0.527508 0.045337 0.640777
0 0.733377 0.553398 0.052245 0.640777
2 0.790155 0.566343 0.050086 0.614887
3 0.849957 0.561489 0.058290 0.553398
4 0.907815 0.592233 0.051382 0.647249
2 0.970639 0.601942 0.058722 0.718447
