22 0.046994 0.537736 0.053345 0.713208
27 0.103937 0.513208 0.053768 0.686792
17 0.160034 0.483019 0.056732 0.762264
27 0.218671 0.532075 0.051228 0.701887
30 0.277096 0.477358 0.052075 0.713208
5 0.335097 0.483019 0.050381 0.664151
8 0.394157 0.507547 0.060965 0.713208
9 0.449407 0.501887 0.044454 0.822642
0 0.507621 0.526415 0.052498 0.713208
20 0.561177 0.488679 0.050381 0.735849
25 0.615792 0.496226 0.054615 0.773585
1 0.674852 0.528302 0.034716 0.815094
0 0.729467 0.483019 0.052498 0.747170
2 0.789585 0.511321 0.056732 0.766038
3 0.842506 0.447170 0.046571 0.773585
4 0.898815 0.486792 0.049958 0.852830
2 0.959568 0.522642 0.064776 0.886792
