22 0.034702 0.501901 0.053322 0.730038
27 0.092044 0.517110 0.061363 0.699620
17 0.156157 0.543726 0.053322 0.851711
27 0.213500 0.471483 0.052052 0.669202
30 0.269784 0.511407 0.057977 0.809886
5 0.330512 0.511407 0.056708 0.749049
8 0.386162 0.480989 0.057131 0.650190
9 0.446678 0.507605 0.051206 0.741445
0 0.503174 0.492395 0.049937 0.733840
20 0.557554 0.473384 0.047821 0.749049
25 0.612146 0.463878 0.050360 0.730038
1 0.670123 0.446768 0.036818 0.741445
0 0.728735 0.437262 0.049090 0.577947
2 0.785865 0.505703 0.052476 0.760456
3 0.844266 0.526616 0.049090 0.718631
4 0.899069 0.486692 0.055438 0.722433
2 0.959162 0.528517 0.053745 0.859316
