22 0.046427 0.527985 0.051776 0.727612
27 0.105049 0.533582 0.056055 0.738806
17 0.164741 0.524254 0.053915 0.660448
27 0.219940 0.520522 0.056483 0.608209
30 0.282841 0.500000 0.053915 0.626866
5 0.338682 0.483209 0.050920 0.638060
8 0.395593 0.542910 0.044929 0.697761
9 0.452931 0.527985 0.047497 0.705224
0 0.508344 0.548507 0.049636 0.686567
20 0.561617 0.554104 0.048353 0.735075
25 0.618528 0.513060 0.049208 0.735075
1 0.673085 0.557836 0.035088 0.824627
0 0.736200 0.542910 0.048353 0.675373
2 0.792469 0.557836 0.053059 0.764925
3 0.848952 0.552239 0.053059 0.776119
4 0.906718 0.587687 0.049636 0.824627
2 0.960205 0.589552 0.050492 0.746269
