22 0.041401 0.478022 0.050955 0.670330
27 0.095342 0.483516 0.054538 0.659341
17 0.153264 0.468864 0.050159 0.710623
27 0.208599 0.505495 0.044586 0.681319
30 0.270502 0.450549 0.054538 0.659341
5 0.329618 0.489011 0.047771 0.750916
8 0.384753 0.494505 0.044188 0.681319
9 0.443471 0.509158 0.050159 0.754579
0 0.498607 0.520147 0.051354 0.688645
20 0.551951 0.487179 0.048965 0.732601
25 0.610669 0.457875 0.047771 0.754579
1 0.664610 0.520147 0.030653 0.710623
0 0.726115 0.498168 0.050955 0.732601
2 0.782245 0.483516 0.045382 0.739927
3 0.840366 0.463370 0.042994 0.743590
4 0.898288 0.509158 0.054538 0.710623
4 0.958201 0.534799 0.055732 0.805861
