22 0.032929 0.552632 0.050505 0.765182
27 0.087273 0.536437 0.051717 0.708502
17 0.152121 0.574899 0.056162 0.809717
27 0.208283 0.568826 0.053737 0.821862
30 0.268889 0.524291 0.053737 0.797571
5 0.328485 0.479757 0.055758 0.684211
8 0.385657 0.495951 0.047273 0.716599
9 0.444646 0.502024 0.048081 0.688259
0 0.501212 0.495951 0.053737 0.740891
20 0.556364 0.495951 0.051717 0.765182
25 0.612323 0.483806 0.056162 0.765182
1 0.671313 0.514170 0.027879 0.866397
0 0.723434 0.489879 0.053737 0.777328
2 0.784646 0.508097 0.054949 0.789474
3 0.842626 0.451417 0.053737 0.700405
4 0.900404 0.497976 0.048081 0.809717
4 0.957576 0.502024 0.057374 0.866397
