22 0.039984 0.602713 0.050380 0.717054
27 0.093163 0.606589 0.051180 0.686047
17 0.154338 0.567829 0.050380 0.763566
27 0.213315 0.558140 0.046781 0.767442
30 0.270292 0.519380 0.053579 0.689922
5 0.329868 0.525194 0.055978 0.740310
8 0.386845 0.575581 0.053978 0.817829
9 0.443423 0.571705 0.043183 0.856589
0 0.498201 0.480620 0.052779 0.767442
20 0.555978 0.552326 0.051579 0.887597
25 0.611355 0.536822 0.050380 0.786822
1 0.668932 0.507752 0.037585 0.728682
0 0.727909 0.496124 0.052379 0.751938
2 0.785686 0.507752 0.055978 0.821705
3 0.844262 0.507752 0.059576 0.798450
4 0.901040 0.513566 0.049180 0.810078
4 0.959816 0.498062 0.059576 0.864341
