22 0.033001 0.565476 0.048568 0.718254
27 0.091117 0.553571 0.054379 0.884921
17 0.151930 0.527778 0.048153 0.730159
27 0.209838 0.527778 0.056040 0.642857
30 0.270859 0.523810 0.050228 0.738095
5 0.327522 0.517857 0.044832 0.813492
8 0.384599 0.501984 0.049398 0.718254
9 0.443130 0.501984 0.042756 0.781746
0 0.501453 0.486111 0.044832 0.726190
20 0.554795 0.490079 0.052719 0.869048
25 0.614778 0.458333 0.051474 0.869048
1 0.671856 0.452381 0.033624 0.793651
0 0.734745 0.458333 0.044832 0.742063
2 0.791407 0.513889 0.048568 0.869048
3 0.847447 0.410714 0.046077 0.726190
4 0.901411 0.426587 0.050228 0.718254
4 0.957451 0.426587 0.055210 0.718254
