22 0.039406 0.433121 0.056085 0.668790
27 0.098424 0.444268 0.052419 0.646497
17 0.159091 0.447452 0.050587 0.735669
27 0.217009 0.479299 0.049120 0.697452
30 0.278776 0.458599 0.051686 0.656051
5 0.336694 0.479299 0.045821 0.697452
8 0.393878 0.458599 0.048021 0.598726
9 0.450147 0.477707 0.052786 0.757962
0 0.512463 0.507962 0.044721 0.773885
20 0.566899 0.509554 0.048021 0.796178
25 0.622984 0.503185 0.050220 0.726115
1 0.684384 0.503185 0.040323 0.783439
0 0.743218 0.547771 0.043622 0.853503
2 0.799487 0.578025 0.050587 0.735669
3 0.858504 0.595541 0.049120 0.808917
4 0.913306 0.523885 0.053886 0.805732
6 0.969575 0.519108 0.049120 0.796178
