22 0.039360 0.550987 0.052354 0.707237
27 0.093032 0.541118 0.052731 0.707237
17 0.155179 0.511513 0.048964 0.707237
27 0.211676 0.536184 0.052731 0.697368
30 0.271563 0.496711 0.046704 0.697368
5 0.328625 0.511513 0.051601 0.726974
8 0.383427 0.496711 0.044444 0.657895
9 0.442373 0.496711 0.041055 0.717105
0 0.498682 0.481908 0.053484 0.687500
20 0.555179 0.472039 0.045951 0.707237
25 0.609981 0.467105 0.047834 0.697368
1 0.670621 0.501645 0.043315 0.746711
0 0.728060 0.457237 0.058004 0.677632
2 0.783051 0.472039 0.044444 0.726974
3 0.841055 0.457237 0.048964 0.736842
4 0.895480 0.472039 0.045574 0.746711
6 0.950659 0.412829 0.058004 0.746711
