22 0.031262 0.602190 0.046595 0.729927
27 0.087415 0.574818 0.054560 0.740876
17 0.147750 0.569343 0.054958 0.729927
27 0.203505 0.585766 0.052569 0.821168
30 0.268220 0.569343 0.056949 0.729927
5 0.321983 0.523723 0.054560 0.675182
8 0.380526 0.532847 0.051374 0.656934
9 0.441856 0.523723 0.053763 0.843066
0 0.500597 0.549270 0.050179 0.770073
20 0.556750 0.543796 0.050976 0.905109
25 0.613102 0.518248 0.054560 0.810219
1 0.675030 0.518248 0.039825 0.751825
0 0.733174 0.523723 0.050976 0.740876
2 0.790123 0.507299 0.053365 0.751825
3 0.852648 0.518248 0.055755 0.729927
3 0.907407 0.507299 0.046595 0.627737
6 0.963560 0.465328 0.068100 0.791971
