22 0.035857 0.567434 0.047676 0.667763
27 0.090946 0.575658 0.048878 0.611842
17 0.149239 0.521382 0.056490 0.648026
27 0.210537 0.526316 0.052484 0.605263
30 0.270633 0.534539 0.047676 0.694079
5 0.329127 0.516447 0.053285 0.605263
8 0.384215 0.516447 0.043269 0.605263
9 0.438702 0.503289 0.045673 0.684211
0 0.494391 0.539474 0.054487 0.703947
20 0.552684 0.529605 0.046875 0.703947
25 0.608373 0.526316 0.049279 0.638158
1 0.668269 0.544408 0.040064 0.713816
0 0.726362 0.503289 0.046474 0.664474
2 0.785256 0.490132 0.053686 0.638158
3 0.841546 0.488487 0.047676 0.601974
4 0.896034 0.467105 0.052484 0.684211
6 0.954928 0.457237 0.061298 0.684211
