22 0.043123 0.478022 0.049932 0.560440
27 0.092374 0.474359 0.051294 0.641026
17 0.155924 0.465201 0.053109 0.622711
27 0.213118 0.487179 0.052202 0.630037
30 0.272810 0.445055 0.050840 0.604396
5 0.330685 0.509158 0.053109 0.549451
8 0.389696 0.551282 0.044031 0.648352
9 0.446437 0.527473 0.046754 0.695971
0 0.503858 0.542125 0.049932 0.615385
20 0.555379 0.527473 0.051294 0.659341
25 0.609396 0.547619 0.052202 0.750916
1 0.667726 0.600733 0.037222 0.695971
0 0.726736 0.602564 0.053563 0.677656
2 0.782342 0.597070 0.053109 0.703297
3 0.839537 0.573260 0.052202 0.677656
4 0.895370 0.575092 0.052202 0.732601
8 0.956650 0.602564 0.061280 0.677656
