22 0.035548 0.512097 0.049721 0.661290
27 0.088987 0.508065 0.054368 0.669355
17 0.154507 0.497984 0.054368 0.729839
27 0.210734 0.495968 0.050651 0.709677
30 0.270214 0.526210 0.045074 0.705645
5 0.329229 0.546371 0.059015 0.705645
8 0.390335 0.522177 0.050186 0.778226
9 0.449349 0.552419 0.052045 0.717742
0 0.508829 0.580645 0.051115 0.701613
20 0.562500 0.536290 0.045074 0.766129
25 0.621050 0.586694 0.055297 0.786290
1 0.679368 0.576613 0.036245 0.709677
0 0.734898 0.560484 0.060874 0.677419
2 0.792519 0.540323 0.054368 0.717742
3 0.849907 0.560484 0.052974 0.758065
4 0.908225 0.544355 0.049721 0.806452
8 0.966543 0.580645 0.055762 0.758065
