22 0.061571 0.513889 0.049721 0.712963
27 0.112686 0.506944 0.047862 0.699074
17 0.170307 0.486111 0.054368 0.768519
27 0.230019 0.523148 0.052974 0.824074
30 0.289963 0.502315 0.052974 0.689815
5 0.344331 0.483796 0.046468 0.745370
8 0.402649 0.553241 0.043216 0.884259
9 0.455623 0.564815 0.053439 0.861111
0 0.509758 0.537037 0.046468 0.731481
20 0.565985 0.564815 0.050186 0.861111
25 0.629647 0.550926 0.056691 0.898148
1 0.685409 0.513889 0.046468 0.888889
0 0.741171 0.541667 0.052974 0.703704
2 0.792751 0.553241 0.052045 0.837963
3 0.850139 0.567130 0.053439 0.865741
4 0.903810 0.523148 0.045539 0.824074
8 0.959340 0.497685 0.063662 0.856481
