22 0.046053 0.573077 0.051754 0.623077
27 0.097807 0.582692 0.051754 0.657692
17 0.159649 0.553846 0.051754 0.661538
27 0.214254 0.551923 0.053070 0.680769
30 0.275439 0.571154 0.049123 0.680769
5 0.333772 0.548077 0.051754 0.688462
8 0.387719 0.528846 0.051754 0.611538
9 0.446491 0.542308 0.056140 0.761538
0 0.499781 0.513462 0.050439 0.680769
20 0.555482 0.513462 0.051316 0.719231
25 0.614035 0.503846 0.051754 0.700000
1 0.675658 0.542308 0.038158 0.800000
0 0.726535 0.503846 0.049561 0.838462
2 0.786623 0.484615 0.048684 0.776923
3 0.840570 0.465385 0.053070 0.700000
4 0.901316 0.503846 0.055263 0.723077
8 0.960307 0.488462 0.053947 0.707692
