22 0.037120 0.484375 0.047465 0.663194
27 0.095740 0.517361 0.051927 0.715278
17 0.152535 0.513889 0.052738 0.666667
27 0.209533 0.536458 0.053955 0.656250
30 0.273631 0.489583 0.053955 0.618056
5 0.329412 0.538194 0.052738 0.694444
8 0.388032 0.565972 0.057201 0.638889
9 0.446653 0.609375 0.043813 0.739583
0 0.501420 0.590278 0.049493 0.743056
20 0.555984 0.579861 0.048276 0.722222
25 0.611765 0.598958 0.051927 0.704861
1 0.672008 0.614583 0.036917 0.694444
0 0.724949 0.609375 0.048682 0.725694
2 0.785801 0.647569 0.046247 0.704861
3 0.843611 0.657986 0.051521 0.684028
5 0.895740 0.609375 0.055984 0.760417
4 0.958215 0.604167 0.055172 0.791667
