22 0.038218 0.394649 0.052787 0.622074
27 0.092483 0.397993 0.058277 0.668896
17 0.156883 0.416388 0.059544 0.652174
27 0.212838 0.434783 0.054899 0.722408
30 0.275760 0.449833 0.048142 0.658863
5 0.337416 0.471572 0.061655 0.742475
8 0.389780 0.466555 0.045608 0.605351
9 0.443623 0.471572 0.050253 0.668896
0 0.506123 0.493311 0.057010 0.678930
20 0.558066 0.521739 0.046875 0.715719
25 0.616343 0.494983 0.051098 0.695652
1 0.668285 0.479933 0.040963 0.652174
0 0.733530 0.551839 0.045608 0.668896
2 0.791174 0.571906 0.053632 0.775920
3 0.849662 0.570234 0.048142 0.652174
5 0.903927 0.600334 0.057855 0.799331
4 0.961571 0.566890 0.054899 0.765886
