22 0.042908 0.539792 0.047676 0.692042
27 0.094557 0.544983 0.058006 0.702422
17 0.157727 0.548443 0.052443 0.730104
27 0.214342 0.524221 0.054430 0.799308
30 0.278506 0.529412 0.053238 0.692042
5 0.338300 0.543253 0.054430 0.782007
8 0.395908 0.500000 0.054430 0.633218
9 0.451132 0.553633 0.044100 0.698962
0 0.507747 0.513841 0.053238 0.723183
20 0.563568 0.519031 0.051251 0.712803
25 0.619785 0.529412 0.050060 0.733564
1 0.672427 0.557093 0.044100 0.830450
0 0.735399 0.519031 0.050060 0.629758
2 0.796186 0.534602 0.060389 0.702422
3 0.849027 0.513841 0.042908 0.702422
5 0.903456 0.543253 0.058800 0.719723
4 0.959674 0.519031 0.057608 0.733564
