22 0.041870 0.539526 0.049593 0.723320
27 0.096138 0.557312 0.056504 0.735178
17 0.158333 0.501976 0.054065 0.735178
27 0.211789 0.501976 0.055285 0.782609
30 0.272967 0.523715 0.050813 0.778656
5 0.333333 0.511858 0.049593 0.778656
8 0.391463 0.501976 0.048780 0.758893
9 0.446138 0.501976 0.042683 0.798419
0 0.499390 0.501976 0.056504 0.782609
20 0.552439 0.492095 0.049593 0.889328
25 0.608943 0.496047 0.052033 0.810277
1 0.671341 0.511858 0.039431 0.778656
0 0.730285 0.498024 0.048374 0.790514
2 0.788415 0.507905 0.047561 0.920949
3 0.844106 0.480237 0.039431 0.889328
5 0.897154 0.430830 0.055285 0.790514
4 0.961789 0.442688 0.055285 0.790514
