22 0.038130 0.542910 0.048686 0.675373
27 0.095648 0.567164 0.054287 0.649254
17 0.155752 0.597015 0.052133 0.686567
27 0.209393 0.582090 0.053425 0.656716
30 0.272943 0.578358 0.055579 0.686567
5 0.329599 0.583955 0.050840 0.697761
8 0.384102 0.559701 0.048686 0.589552
9 0.441835 0.597015 0.051271 0.686567
0 0.497415 0.563433 0.051271 0.656716
20 0.552994 0.578358 0.048686 0.746269
25 0.615252 0.602612 0.057734 0.794776
1 0.670832 0.563433 0.035330 0.813433
0 0.728781 0.554104 0.052994 0.891791
2 0.788669 0.591418 0.055579 0.794776
3 0.846187 0.554104 0.054287 0.675373
5 0.907368 0.535448 0.063766 0.638060
6 0.965748 0.569030 0.052994 0.824627
