22 0.033278 0.638060 0.052413 0.723881
27 0.090890 0.623134 0.052829 0.656716
17 0.150374 0.617537 0.050333 0.705224
27 0.207571 0.626866 0.052413 0.746269
30 0.265807 0.606343 0.054908 0.787313
5 0.324667 0.552239 0.052829 0.679104
8 0.380824 0.572761 0.055324 0.735075
9 0.439892 0.602612 0.049501 0.779851
0 0.495424 0.572761 0.050749 0.817164
20 0.547213 0.537313 0.050333 0.746269
25 0.604617 0.587687 0.048669 0.824627
1 0.664933 0.582090 0.036190 0.835821
0 0.723794 0.561567 0.050749 0.817164
2 0.781406 0.567164 0.056156 0.828358
3 0.842970 0.576493 0.059484 0.847015
5 0.896839 0.563433 0.057404 0.835821
6 0.954243 0.511194 0.057404 0.776119
