22 0.041631 0.621457 0.054640 0.692308
27 0.096487 0.560729 0.048135 0.829960
17 0.160451 0.560729 0.054640 0.700405
27 0.218343 0.595142 0.054206 0.809717
30 0.275152 0.528340 0.053339 0.765182
5 0.334562 0.524291 0.049003 0.797571
8 0.393322 0.544534 0.050304 0.797571
9 0.449696 0.518219 0.051171 0.809717
0 0.506722 0.528340 0.049003 0.854251
20 0.563964 0.512146 0.055941 0.797571
25 0.616219 0.481781 0.053773 0.801619
1 0.673894 0.491903 0.036427 0.862348
0 0.734389 0.475709 0.052472 0.919028
2 0.797268 0.481781 0.055074 0.842105
3 0.851474 0.449393 0.051605 0.777328
5 0.908933 0.465587 0.068517 0.834008
6 0.970945 0.506073 0.048569 0.979757
