22 0.047934 0.629252 0.050703 0.619048
27 0.104602 0.620748 0.051555 0.690476
17 0.164465 0.568027 0.048573 0.653061
27 0.218364 0.602041 0.052407 0.687075
30 0.279506 0.588435 0.056242 0.734694
5 0.336600 0.579932 0.056242 0.717687
8 0.394333 0.535714 0.050703 0.574830
9 0.451001 0.566327 0.048999 0.670068
0 0.505965 0.557823 0.047294 0.687075
20 0.560290 0.535714 0.050277 0.717687
25 0.620793 0.547619 0.052833 0.653061
1 0.675330 0.530612 0.042608 0.707483
0 0.730720 0.500000 0.050277 0.625850
2 0.789732 0.549320 0.051555 0.724490
3 0.846826 0.472789 0.054112 0.591837
5 0.902855 0.467687 0.056242 0.636054
6 0.959523 0.503401 0.050277 0.795918
