22 0.041074 0.371429 0.049763 0.548571
27 0.099724 0.375714 0.056477 0.505714
17 0.161137 0.417143 0.050553 0.588571
27 0.222749 0.445714 0.058452 0.628571
30 0.279621 0.417143 0.050553 0.571429
5 0.337283 0.461429 0.050553 0.614286
8 0.396327 0.481429 0.056477 0.620000
9 0.453002 0.485714 0.047393 0.680000
0 0.509479 0.535714 0.047393 0.580000
20 0.566153 0.511429 0.046209 0.628571
25 0.620458 0.538571 0.048183 0.637143
1 0.678515 0.575714 0.036335 0.642857
0 0.737362 0.580000 0.049763 0.588571
2 0.795221 0.591429 0.046209 0.645714
3 0.851106 0.591429 0.049763 0.594286
5 0.908175 0.588571 0.053318 0.571429
8 0.961690 0.580000 0.049763 0.537143
