22 0.038208 0.445455 0.045384 0.624242
27 0.094065 0.472727 0.052366 0.606061
17 0.151086 0.427273 0.052366 0.569697
27 0.211598 0.440909 0.047711 0.578788
30 0.272110 0.450000 0.052366 0.615152
5 0.331458 0.472727 0.054694 0.587879
8 0.390225 0.480303 0.055857 0.590909
9 0.444919 0.537879 0.044220 0.706061
0 0.499030 0.463636 0.054694 0.642424
20 0.554888 0.489394 0.054694 0.675758
25 0.613072 0.498485 0.050039 0.712121
1 0.673584 0.551515 0.043057 0.715152
0 0.735260 0.498485 0.050039 0.675758
2 0.790535 0.510606 0.058185 0.651515
3 0.850465 0.524242 0.047711 0.642424
5 0.906323 0.533333 0.054694 0.660606
8 0.963926 0.530303 0.060512 0.703030
