22 0.041748 0.419718 0.046040 0.580282
27 0.099298 0.466197 0.053453 0.628169
17 0.157628 0.430986 0.049941 0.636620
27 0.212251 0.438028 0.049941 0.554930
30 0.275263 0.430986 0.051112 0.602817
5 0.330472 0.450704 0.049941 0.580282
8 0.386266 0.474648 0.054623 0.594366
9 0.445767 0.526761 0.051112 0.619718
0 0.500975 0.515493 0.049941 0.563380
20 0.554038 0.515493 0.051502 0.642254
25 0.610808 0.519718 0.055794 0.667606
1 0.669333 0.528169 0.034725 0.667606
0 0.725127 0.535211 0.052673 0.619718
2 0.789700 0.543662 0.054623 0.636620
3 0.840421 0.539437 0.051502 0.628169
5 0.902458 0.583099 0.054623 0.636620
8 0.959032 0.535211 0.054623 0.540845
