22 0.046992 0.532986 0.048368 0.725694
27 0.099882 0.522569 0.050334 0.642361
17 0.157884 0.543403 0.053873 0.704861
27 0.215100 0.538194 0.042470 0.715278
30 0.275659 0.543403 0.049548 0.822917
5 0.329139 0.482639 0.050334 0.604167
8 0.389304 0.546875 0.049548 0.753472
9 0.444947 0.527778 0.043649 0.715278
0 0.499214 0.493056 0.053873 0.645833
20 0.553873 0.503472 0.048368 0.763889
25 0.609910 0.501736 0.052694 0.684028
1 0.666732 0.522569 0.035785 0.781250
0 0.722965 0.501736 0.053873 0.725694
2 0.788046 0.522569 0.051907 0.725694
3 0.847818 0.541667 0.047188 0.722222
5 0.895792 0.477431 0.047188 0.732639
8 0.953401 0.512153 0.056233 0.704861
