22 0.035833 0.293033 0.042852 0.409836
27 0.088474 0.289959 0.046915 0.428279
17 0.154045 0.370902 0.052457 0.442623
27 0.210935 0.389344 0.041374 0.442623
32 0.271518 0.389344 0.048024 0.430328
1 0.323975 0.429303 0.043591 0.510246
8 0.385667 0.470287 0.041374 0.452869
4 0.444588 0.510246 0.042482 0.459016
0 0.499815 0.525615 0.052457 0.465164
20 0.555781 0.550205 0.048393 0.452869
25 0.616180 0.594262 0.050240 0.528689
0 0.676764 0.607582 0.048024 0.440574
6 0.731622 0.641393 0.050610 0.446721
2 0.793683 0.693648 0.060214 0.477459
5 0.853528 0.690574 0.052826 0.495902
7 0.911710 0.739754 0.052457 0.508197
4 0.964906 0.730533 0.053934 0.502049
