22 0.033090 0.277293 0.050019 0.454148
27 0.088496 0.305677 0.054636 0.489083
17 0.150058 0.302402 0.053097 0.417031
27 0.205079 0.337336 0.050019 0.539301
32 0.262601 0.373362 0.058869 0.558952
1 0.323394 0.422489 0.035013 0.539301
8 0.382070 0.449782 0.050789 0.519651
4 0.435937 0.457424 0.043093 0.443231
0 0.493651 0.472707 0.047711 0.486900
20 0.549442 0.537118 0.057715 0.528384
25 0.608503 0.545852 0.053482 0.545852
0 0.671797 0.572052 0.057715 0.493450
6 0.731243 0.585153 0.054252 0.493450
2 0.791266 0.674672 0.049634 0.506550
5 0.852443 0.672489 0.054252 0.489083
7 0.909773 0.717249 0.060408 0.565502
4 0.972297 0.700873 0.050019 0.532751
