22 0.029617 0.331473 0.039876 0.439732
27 0.087689 0.331473 0.051491 0.453125
17 0.149051 0.341518 0.055749 0.473214
27 0.201510 0.380580 0.051491 0.435268
32 0.266357 0.412946 0.048780 0.513393
1 0.322880 0.462054 0.041038 0.531250
8 0.376694 0.459821 0.058072 0.419643
4 0.434959 0.508929 0.049168 0.517857
0 0.489547 0.512277 0.049168 0.537946
20 0.550523 0.558036 0.050329 0.513393
25 0.607433 0.566964 0.045683 0.571429
0 0.671119 0.617188 0.054588 0.524554
6 0.729191 0.627232 0.059233 0.558036
3 0.787263 0.656250 0.052265 0.540179
5 0.849981 0.696429 0.056911 0.607143
7 0.908053 0.671875 0.056911 0.531250
4 0.963995 0.706473 0.052652 0.587054
