22 0.032389 0.329646 0.054694 0.469027
27 0.089992 0.356195 0.051202 0.455752
17 0.154577 0.366150 0.054694 0.435841
27 0.211598 0.407080 0.052366 0.469027
32 0.275989 0.390487 0.051590 0.422566
1 0.331846 0.453540 0.035299 0.495575
8 0.389061 0.466814 0.048875 0.482301
4 0.443755 0.492257 0.053530 0.506637
0 0.501939 0.502212 0.048875 0.500000
20 0.558379 0.525442 0.052366 0.546460
25 0.615981 0.582965 0.046548 0.546460
0 0.677075 0.564159 0.057021 0.495575
6 0.740497 0.592920 0.053530 0.553097
2 0.791699 0.639381 0.051202 0.539823
5 0.848138 0.676991 0.052366 0.579646
7 0.909814 0.671460 0.047711 0.488938
5 0.964507 0.696903 0.057021 0.513274
