22 0.034100 0.303279 0.055172 0.461358
27 0.093295 0.327869 0.056322 0.482436
17 0.153065 0.358314 0.049425 0.529274
27 0.211111 0.389930 0.050575 0.522248
32 0.275479 0.393443 0.050575 0.515222
1 0.335632 0.457845 0.045211 0.550351
8 0.392146 0.482436 0.056322 0.501171
4 0.449425 0.475410 0.047510 0.515222
0 0.504789 0.521077 0.051724 0.550351
20 0.565134 0.572600 0.059770 0.517564
25 0.622031 0.603044 0.054023 0.592506
0 0.682184 0.615925 0.048659 0.454333
6 0.738506 0.641686 0.044061 0.599532
2 0.796552 0.686183 0.052107 0.482436
5 0.854215 0.682670 0.056322 0.545667
7 0.908238 0.699063 0.054023 0.592506
5 0.968391 0.708431 0.061686 0.583138
