22 0.042293 0.302013 0.050000 0.527964
27 0.098120 0.342282 0.048120 0.501119
17 0.161278 0.338926 0.051128 0.454139
27 0.217669 0.332215 0.050376 0.494407
32 0.283271 0.376957 0.051504 0.503356
1 0.339662 0.438479 0.043233 0.527964
8 0.394361 0.431767 0.052632 0.527964
4 0.451316 0.458613 0.052256 0.568233
0 0.513910 0.519016 0.054887 0.487696
20 0.571429 0.519016 0.053383 0.527964
25 0.625564 0.542506 0.054887 0.548098
0 0.687030 0.565996 0.045489 0.474273
6 0.745865 0.597315 0.048872 0.550336
2 0.800376 0.655481 0.051128 0.554810
5 0.857895 0.647651 0.054887 0.597315
7 0.915414 0.662192 0.057895 0.514541
5 0.970677 0.699105 0.057143 0.601790
