22 0.033710 0.380550 0.047834 0.443975
27 0.093032 0.405920 0.054991 0.532770
17 0.155179 0.419662 0.053484 0.492600
27 0.212241 0.429175 0.056121 0.460888
32 0.280226 0.460888 0.054991 0.460888
1 0.337288 0.492600 0.041055 0.536998
8 0.395292 0.502114 0.047834 0.467230
4 0.448588 0.524313 0.046704 0.498943
0 0.512429 0.552854 0.053861 0.479915
20 0.565537 0.576110 0.054614 0.501057
25 0.625989 0.623679 0.054991 0.570825
0 0.684181 0.607822 0.052354 0.463002
6 0.743503 0.672304 0.054991 0.536998
2 0.799435 0.643763 0.052354 0.492600
5 0.854237 0.653277 0.064030 0.511628
7 0.915819 0.672304 0.052354 0.524313
5 0.970621 0.719873 0.052731 0.505285
