22 0.035325 0.313981 0.053363 0.481043
27 0.095077 0.335308 0.054867 0.495261
17 0.156520 0.354265 0.054491 0.533175
27 0.213454 0.376777 0.052612 0.473934
32 0.281285 0.415877 0.058249 0.523697
1 0.334837 0.483412 0.035325 0.601896
8 0.391206 0.504739 0.063886 0.530806
4 0.451522 0.522512 0.047726 0.566351
0 0.507328 0.526066 0.059376 0.530806
20 0.563698 0.540284 0.053363 0.530806
25 0.622886 0.562796 0.051484 0.575829
0 0.681511 0.591232 0.059000 0.533175
6 0.740699 0.612559 0.050357 0.590047
2 0.799887 0.649289 0.049981 0.559242
5 0.856257 0.663507 0.058249 0.530806
7 0.914882 0.684834 0.049981 0.587678
5 0.971251 0.681280 0.053739 0.552133
