22 0.031317 0.310268 0.051836 0.473214
27 0.089453 0.324777 0.055076 0.529018
17 0.151728 0.359375 0.058675 0.544643
27 0.214723 0.415179 0.058675 0.517857
32 0.276098 0.425223 0.057595 0.551339
1 0.335673 0.463170 0.034917 0.502232
8 0.388949 0.467634 0.062995 0.479911
4 0.453744 0.518973 0.048596 0.515625
0 0.509359 0.505580 0.051836 0.502232
20 0.566415 0.551339 0.052916 0.535714
25 0.624190 0.579241 0.051836 0.564732
0 0.684485 0.589286 0.052916 0.544643
6 0.742981 0.595982 0.046076 0.558036
2 0.797336 0.599330 0.053996 0.662946
5 0.854932 0.689732 0.056156 0.508929
7 0.913247 0.718750 0.058315 0.508929
6 0.970662 0.715402 0.047156 0.529018
