22 0.032926 0.383002 0.052897 0.496689
27 0.092119 0.392936 0.056135 0.516556
17 0.158870 0.427152 0.055056 0.532009
27 0.215905 0.434879 0.051817 0.503311
32 0.282116 0.423841 0.056135 0.454746
1 0.337172 0.486755 0.035984 0.509934
8 0.400864 0.493377 0.048219 0.509934
4 0.457539 0.519868 0.044980 0.509934
0 0.512774 0.550773 0.051817 0.545254
20 0.569449 0.565121 0.052897 0.529801
25 0.628463 0.599338 0.051457 0.558499
0 0.689097 0.600442 0.051817 0.516556
6 0.745952 0.637969 0.057575 0.565121
2 0.805506 0.644592 0.052897 0.578366
5 0.861281 0.652318 0.051457 0.593819
7 0.918136 0.693157 0.052897 0.565121
6 0.971033 0.705298 0.052897 0.589404
