22 0.033944 0.360656 0.054957 0.543326
27 0.094648 0.403981 0.052802 0.526932
17 0.159124 0.419204 0.053879 0.557377
27 0.218750 0.429742 0.049569 0.489461
32 0.279993 0.426230 0.057112 0.571429
1 0.337105 0.503513 0.034842 0.576112
8 0.397809 0.484778 0.050647 0.557377
4 0.457256 0.543326 0.050287 0.571429
0 0.513470 0.562061 0.050647 0.622951
20 0.568427 0.566745 0.059267 0.585480
25 0.627874 0.591335 0.055316 0.606557
0 0.689655 0.608899 0.050287 0.585480
6 0.746947 0.620609 0.052802 0.576112
2 0.800287 0.632319 0.056034 0.599532
5 0.861710 0.661593 0.058190 0.676815
7 0.915769 0.672131 0.047055 0.651054
6 0.971444 0.675644 0.057112 0.644028
