22 0.031048 0.342857 0.056000 0.594286
27 0.087048 0.351429 0.056000 0.611429
17 0.152381 0.362857 0.064000 0.571429
27 0.211810 0.397143 0.057143 0.622857
32 0.273524 0.388571 0.048000 0.622857
1 0.329524 0.431429 0.038857 0.674286
8 0.386095 0.455714 0.058286 0.637143
4 0.447238 0.470000 0.050286 0.597143
0 0.505524 0.494286 0.052571 0.680000
20 0.559810 0.498571 0.058286 0.705714
25 0.618667 0.490000 0.054857 0.722857
0 0.683048 0.565714 0.051810 0.657143
6 0.741905 0.561429 0.048381 0.665714
2 0.795619 0.557143 0.048381 0.674286
5 0.855429 0.572857 0.058286 0.688571
7 0.911048 0.528571 0.052952 0.662857
6 0.971429 0.577143 0.050286 0.697143
