22 0.032457 0.355882 0.048686 0.629412
27 0.090417 0.380882 0.057960 0.579412
17 0.154753 0.407353 0.059119 0.650000
27 0.213292 0.411765 0.051005 0.623529
32 0.270093 0.385294 0.055641 0.570588
1 0.330757 0.502941 0.043277 0.752941
8 0.391808 0.511765 0.053323 0.647059
4 0.449768 0.532353 0.055641 0.676471
0 0.504830 0.541176 0.049845 0.694118
20 0.558733 0.507353 0.053323 0.691176
25 0.615533 0.542647 0.053323 0.761765
0 0.680448 0.567647 0.057960 0.570588
6 0.739374 0.576471 0.051391 0.641176
2 0.795015 0.623529 0.050618 0.752941
5 0.852589 0.583824 0.063756 0.691176
7 0.915572 0.610294 0.044436 0.726471
6 0.969668 0.650000 0.056801 0.700000
