22 0.029658 0.317536 0.047671 0.497630
27 0.086608 0.380332 0.056769 0.575829
17 0.150837 0.401659 0.055677 0.637441
27 0.208151 0.443128 0.052402 0.568720
32 0.269651 0.417062 0.050218 0.563981
1 0.324236 0.462085 0.040757 0.606635
8 0.381550 0.491706 0.051310 0.547393
4 0.440684 0.513033 0.046579 0.547393
0 0.499818 0.549763 0.055677 0.578199
20 0.553311 0.572275 0.051310 0.651659
25 0.613173 0.610190 0.056769 0.561611
0 0.672125 0.587678 0.056769 0.563981
6 0.731987 0.683649 0.057860 0.575829
2 0.789301 0.697867 0.050218 0.604265
5 0.844432 0.676540 0.060044 0.547393
7 0.908661 0.715640 0.056769 0.568720
7 0.961245 0.708531 0.052766 0.582938
