22 0.036062 0.296339 0.054093 0.464531
27 0.093401 0.303204 0.051929 0.464531
17 0.153264 0.370709 0.056257 0.585812
27 0.212405 0.375286 0.048323 0.508009
32 0.272629 0.353547 0.056257 0.537757
1 0.330148 0.461098 0.040750 0.592677
8 0.388749 0.478261 0.051929 0.544622
4 0.445005 0.449657 0.056257 0.542334
0 0.505409 0.560641 0.050847 0.549199
20 0.561125 0.546911 0.051929 0.535469
25 0.615759 0.589245 0.057339 0.620137
0 0.679950 0.632723 0.050847 0.565217
6 0.732961 0.596110 0.055175 0.551487
2 0.794807 0.678490 0.054814 0.643021
5 0.847458 0.631579 0.058420 0.608696
7 0.910025 0.688787 0.057339 0.521739
7 0.966823 0.686499 0.047602 0.585812
