22 0.036142 0.286780 0.045405 0.479744
27 0.093353 0.319829 0.048674 0.426439
17 0.156375 0.346482 0.057029 0.479744
27 0.214675 0.362473 0.044315 0.473348
32 0.275518 0.373134 0.057029 0.533049
1 0.334544 0.443497 0.040683 0.554371
8 0.389575 0.429638 0.053396 0.458422
4 0.446967 0.446695 0.045405 0.492537
0 0.504359 0.476546 0.053396 0.458422
20 0.562114 0.506397 0.053396 0.505330
25 0.621141 0.537313 0.050854 0.473348
0 0.681802 0.569296 0.052307 0.473348
6 0.738830 0.600213 0.054486 0.492537
2 0.797130 0.595949 0.049037 0.552239
5 0.852706 0.623667 0.057755 0.513859
7 0.911733 0.636461 0.050854 0.577825
7 0.968580 0.619403 0.057755 0.560768
