22 0.030550 0.393519 0.048956 0.509259
27 0.085199 0.376157 0.051233 0.516204
17 0.148197 0.392361 0.050474 0.456019
27 0.201898 0.420139 0.050095 0.456019
32 0.264326 0.437500 0.061101 0.504630
1 0.322391 0.491898 0.043643 0.571759
8 0.387097 0.535880 0.052372 0.483796
4 0.438520 0.525463 0.045920 0.518519
0 0.495825 0.542824 0.048956 0.567130
20 0.552182 0.553241 0.050095 0.546296
25 0.611385 0.593750 0.059203 0.530093
0 0.670588 0.621528 0.052372 0.516204
6 0.732638 0.651620 0.053510 0.539352
2 0.790512 0.648148 0.044782 0.532407
5 0.850285 0.655093 0.061101 0.532407
7 0.909488 0.668981 0.048197 0.546296
7 0.967932 0.679398 0.060342 0.539352
