22 0.035783 0.323834 0.048480 0.487047
27 0.087918 0.347150 0.044248 0.518135
17 0.147364 0.365285 0.052328 0.497409
27 0.206233 0.375648 0.045402 0.502591
32 0.267218 0.406736 0.054252 0.533679
1 0.322239 0.455959 0.041939 0.616580
8 0.377645 0.479275 0.048865 0.585492
4 0.435937 0.502591 0.050019 0.601036
0 0.494229 0.514249 0.046556 0.577720
20 0.550596 0.506477 0.057715 0.562176
25 0.607349 0.555699 0.051174 0.619171
0 0.669104 0.575130 0.045402 0.487047
6 0.729511 0.608808 0.060023 0.632124
2 0.790689 0.604922 0.053097 0.608808
5 0.847826 0.639896 0.058869 0.647668
7 0.907272 0.651554 0.055406 0.624352
7 0.962678 0.612694 0.064640 0.686528
