22 0.035555 0.323326 0.047282 0.503464
27 0.089538 0.326790 0.053984 0.496536
17 0.152271 0.369515 0.052867 0.568129
27 0.212025 0.405312 0.055473 0.510393
32 0.274013 0.408776 0.055101 0.489607
1 0.332278 0.419169 0.040581 0.538106
8 0.385704 0.446882 0.050633 0.468822
4 0.443783 0.474596 0.054356 0.579677
0 0.505212 0.530023 0.052867 0.538106
20 0.558824 0.530023 0.054356 0.565820
25 0.616344 0.576212 0.053984 0.630485
0 0.675168 0.547344 0.053984 0.489607
6 0.735480 0.576212 0.048771 0.561201
2 0.795793 0.645497 0.053984 0.575058
5 0.856106 0.638568 0.071109 0.575058
7 0.916605 0.652425 0.056590 0.630485
8 0.970774 0.691686 0.049516 0.565820
