22 0.035019 0.334086 0.047566 0.519187
27 0.091011 0.327314 0.046442 0.451467
17 0.150187 0.362302 0.048689 0.521445
27 0.210861 0.400677 0.050187 0.485327
32 0.274345 0.409707 0.056554 0.534989
1 0.331273 0.471783 0.036330 0.546275
8 0.387266 0.454853 0.050936 0.525959
4 0.442884 0.492099 0.051311 0.559819
0 0.501873 0.488713 0.057678 0.512415
20 0.559925 0.509029 0.046442 0.580135
25 0.616479 0.594808 0.055431 0.629797
0 0.678464 0.574492 0.047566 0.548533
6 0.738577 0.577878 0.056929 0.595937
2 0.793633 0.625282 0.053184 0.595937
5 0.854307 0.635440 0.054682 0.548533
7 0.907678 0.638826 0.058801 0.541761
8 0.962172 0.665914 0.052434 0.623025
