22 0.034470 0.314570 0.051515 0.461369
27 0.088636 0.331126 0.054545 0.441501
17 0.151326 0.354305 0.057955 0.448124
27 0.209280 0.385210 0.053409 0.448124
32 0.270076 0.396247 0.056818 0.479029
1 0.326515 0.444812 0.040152 0.514349
8 0.385417 0.444812 0.057955 0.448124
4 0.445644 0.480132 0.048864 0.518764
0 0.504167 0.518764 0.052273 0.481236
20 0.559848 0.526490 0.061364 0.545254
25 0.622159 0.554084 0.052652 0.538631
0 0.682955 0.583885 0.051515 0.492274
6 0.741856 0.583885 0.055682 0.518764
2 0.800379 0.600442 0.052273 0.565121
5 0.854924 0.600442 0.052273 0.591611
7 0.912311 0.650110 0.053409 0.558499
8 0.968182 0.668874 0.046970 0.596026
