22 0.040223 0.275641 0.046993 0.410256
27 0.093588 0.303419 0.053365 0.401709
17 0.157308 0.302350 0.058144 0.463675
27 0.217642 0.361111 0.060135 0.410256
32 0.280167 0.372863 0.064914 0.433761
1 0.335524 0.458333 0.045798 0.519231
8 0.390681 0.446581 0.053365 0.444444
4 0.449223 0.516026 0.052569 0.549145
0 0.511151 0.525641 0.046595 0.457265
20 0.568299 0.586538 0.053365 0.604701
25 0.626245 0.553419 0.051374 0.440171
0 0.683592 0.635684 0.054560 0.519231
6 0.739944 0.632479 0.053365 0.525641
2 0.798686 0.691239 0.054560 0.506410
5 0.856631 0.678419 0.063720 0.506410
7 0.914775 0.675214 0.047790 0.500000
8 0.969136 0.724359 0.052170 0.551282
