22 0.028761 0.288321 0.047064 0.513382
27 0.086484 0.315085 0.054706 0.498783
17 0.154666 0.358881 0.052695 0.493917
27 0.212591 0.390511 0.050282 0.513382
32 0.273130 0.416058 0.054706 0.554745
1 0.333870 0.450122 0.042639 0.525547
8 0.389783 0.463504 0.053902 0.513382
4 0.448512 0.480535 0.054706 0.600973
0 0.507643 0.537713 0.052293 0.540146
20 0.560740 0.552311 0.053902 0.608273
25 0.616050 0.581509 0.055109 0.588808
0 0.679204 0.582725 0.053500 0.493917
6 0.736122 0.622871 0.053902 0.574209
2 0.798270 0.693431 0.047868 0.554745
5 0.855189 0.690998 0.061142 0.574209
7 0.909895 0.669100 0.052293 0.642336
8 0.966412 0.703163 0.058327 0.588808
