22 0.034745 0.313981 0.053140 0.523697
27 0.089372 0.335308 0.047194 0.523697
17 0.150687 0.350711 0.055370 0.526066
27 0.207544 0.361374 0.042735 0.504739
32 0.270160 0.364929 0.050539 0.497630
1 0.327573 0.419431 0.039762 0.545024
8 0.386102 0.451422 0.054998 0.566351
4 0.441286 0.451422 0.046451 0.566351
0 0.499814 0.469194 0.054998 0.573460
20 0.556113 0.486967 0.050910 0.566351
25 0.616871 0.529621 0.050539 0.509479
0 0.675585 0.559242 0.052768 0.625592
6 0.738573 0.616114 0.050910 0.568720
2 0.795987 0.619668 0.054998 0.575829
5 0.856745 0.644550 0.055370 0.611374
7 0.913601 0.630332 0.053883 0.597156
9 0.972315 0.672986 0.051654 0.625592
