22 0.029112 0.269978 0.049149 0.470842
27 0.080529 0.299136 0.049149 0.425486
17 0.141210 0.318575 0.049527 0.464363
27 0.197353 0.354212 0.046881 0.470842
32 0.259924 0.371490 0.052552 0.453564
1 0.311342 0.404968 0.043478 0.464363
8 0.369376 0.424406 0.044612 0.477322
4 0.430435 0.485961 0.048015 0.522678
0 0.487902 0.492441 0.041210 0.535637
20 0.542722 0.534557 0.050284 0.542117
25 0.601890 0.551836 0.058223 0.563715
0 0.666541 0.577754 0.050662 0.524838
6 0.723819 0.587473 0.050284 0.544276
2 0.782798 0.616631 0.051796 0.511879
5 0.843100 0.629590 0.062004 0.537797
7 0.907183 0.679266 0.048015 0.503240
9 0.968431 0.713823 0.056333 0.572354
