22 0.033359 0.357323 0.048771 0.527778
27 0.088568 0.367424 0.049941 0.547980
17 0.146508 0.393939 0.056574 0.570707
27 0.204448 0.393939 0.049941 0.525253
32 0.262583 0.429293 0.052282 0.540404
1 0.319938 0.419192 0.035895 0.505051
8 0.376122 0.498737 0.049941 0.578283
4 0.439134 0.512626 0.055794 0.606061
0 0.495903 0.537879 0.044479 0.601010
20 0.550137 0.526515 0.049941 0.547980
25 0.603004 0.518939 0.055794 0.547980
0 0.670308 0.598485 0.054623 0.489899
6 0.731174 0.613636 0.064768 0.550505
2 0.790285 0.646465 0.048771 0.585859
5 0.849395 0.654040 0.064768 0.641414
7 0.910847 0.667929 0.055794 0.628788
9 0.967031 0.660354 0.056574 0.598485
