22 0.035369 0.305616 0.052122 0.477322
27 0.087305 0.325054 0.051750 0.503240
17 0.152271 0.374730 0.055101 0.498920
27 0.212025 0.381210 0.048771 0.485961
32 0.275130 0.416847 0.052867 0.570194
1 0.333954 0.466523 0.037230 0.587473
8 0.389054 0.473002 0.059568 0.535637
4 0.448995 0.511879 0.055101 0.522678
0 0.504654 0.502160 0.049516 0.542117
20 0.562360 0.558315 0.042815 0.537797
25 0.619881 0.587473 0.052122 0.531317
0 0.679635 0.603672 0.053984 0.498920
6 0.738273 0.629590 0.054356 0.537797
2 0.795793 0.669546 0.049516 0.509719
5 0.855547 0.663067 0.052122 0.483801
8 0.907483 0.692225 0.056217 0.503240
0 0.966865 0.721382 0.048399 0.535637
