22 0.035460 0.286530 0.047655 0.463470
27 0.093433 0.293379 0.054784 0.463470
17 0.154221 0.327626 0.053283 0.504566
27 0.212758 0.331050 0.052533 0.415525
32 0.276360 0.366438 0.056660 0.472603
1 0.332833 0.390411 0.035272 0.506849
8 0.390056 0.453196 0.045403 0.545662
4 0.448218 0.466895 0.047655 0.531963
0 0.508443 0.480594 0.050281 0.490868
20 0.564165 0.484018 0.047655 0.566210
25 0.622139 0.545662 0.048030 0.484018
0 0.679550 0.576484 0.053283 0.490868
6 0.738086 0.591324 0.043527 0.520548
2 0.797749 0.633562 0.057786 0.518265
5 0.857411 0.632420 0.052533 0.575342
8 0.913696 0.684932 0.053283 0.538813
0 0.966604 0.688356 0.050281 0.518265
