22 0.033710 0.309829 0.047834 0.427350
27 0.090019 0.345085 0.055744 0.459402
17 0.154614 0.371795 0.050094 0.500000
27 0.208851 0.388889 0.049341 0.427350
32 0.273258 0.395299 0.054614 0.414530
1 0.331073 0.481838 0.042185 0.536325
8 0.389077 0.478632 0.053484 0.427350
4 0.450282 0.543803 0.050094 0.544872
0 0.507910 0.523504 0.051601 0.452991
20 0.560452 0.536325 0.048964 0.504274
25 0.617891 0.566239 0.050094 0.538462
0 0.676836 0.601496 0.051224 0.467949
6 0.732768 0.633547 0.060640 0.519231
2 0.791525 0.641026 0.052354 0.478632
5 0.853107 0.647436 0.059510 0.491453
8 0.909040 0.695513 0.054614 0.523504
0 0.964407 0.705128 0.053861 0.529915
