22 0.036412 0.326790 0.048294 0.496536
27 0.088923 0.333718 0.049828 0.427252
17 0.150249 0.330254 0.055194 0.503464
27 0.208317 0.390300 0.056343 0.489607
32 0.273860 0.363741 0.054044 0.422633
1 0.331736 0.438799 0.037179 0.517321
8 0.387696 0.468822 0.047144 0.535797
4 0.446915 0.489607 0.059793 0.494226
0 0.501533 0.493072 0.044845 0.487298
20 0.556727 0.536952 0.049444 0.510393
25 0.611920 0.536952 0.049444 0.510393
0 0.674588 0.554273 0.052894 0.503464
6 0.732081 0.594688 0.045995 0.570439
2 0.791299 0.622402 0.051744 0.556582
5 0.845918 0.652425 0.055194 0.538106
8 0.904561 0.638568 0.055194 0.441109
0 0.962054 0.687067 0.050594 0.482679
