22 0.035602 0.342593 0.048387 0.481481
27 0.088906 0.346065 0.047207 0.451389
17 0.154013 0.399306 0.053895 0.502315
27 0.209874 0.412037 0.046027 0.435185
32 0.271637 0.425926 0.050747 0.490741
1 0.328285 0.484954 0.038159 0.502315
8 0.384933 0.491898 0.048387 0.543981
4 0.443942 0.504630 0.056255 0.449074
0 0.500197 0.555556 0.038159 0.509259
20 0.553108 0.557870 0.051928 0.476852
25 0.613690 0.601852 0.047207 0.509259
0 0.674469 0.636574 0.049174 0.541667
6 0.729544 0.630787 0.053895 0.543981
2 0.789142 0.659722 0.049567 0.509259
5 0.845987 0.656250 0.050747 0.608796
8 0.903816 0.693287 0.051534 0.483796
0 0.962628 0.722222 0.055075 0.555556
