22 0.032919 0.391076 0.048976 0.488189
27 0.086511 0.391076 0.049378 0.503937
17 0.150542 0.429134 0.054597 0.532808
27 0.212365 0.439633 0.048976 0.538058
32 0.272782 0.454068 0.058210 0.524934
1 0.327981 0.482940 0.032116 0.524934
8 0.384785 0.471129 0.050181 0.517060
4 0.445604 0.538058 0.057808 0.561680
0 0.505219 0.548556 0.054998 0.524934
20 0.559815 0.566929 0.052589 0.530184
25 0.616821 0.603675 0.052589 0.545932
0 0.679847 0.675853 0.053392 0.590551
6 0.732035 0.632546 0.046969 0.577428
2 0.795062 0.694226 0.061421 0.585302
5 0.856082 0.687664 0.055801 0.598425
8 0.906463 0.712598 0.043356 0.574803
0 0.962465 0.708661 0.059012 0.582677
