22 0.036504 0.327314 0.051622 0.465011
27 0.094027 0.382619 0.050147 0.589165
17 0.158370 0.383747 0.060103 0.451467
27 0.215892 0.414221 0.052729 0.512415
32 0.280052 0.406321 0.051254 0.528217
1 0.338311 0.485327 0.035767 0.519187
8 0.397493 0.485327 0.053835 0.451467
4 0.455015 0.512415 0.045723 0.546275
0 0.511431 0.556433 0.051622 0.512415
20 0.572271 0.547404 0.054572 0.575621
25 0.627581 0.560948 0.051622 0.534989
0 0.686763 0.598194 0.055678 0.514673
6 0.744285 0.635440 0.057153 0.548533
2 0.798488 0.660271 0.046829 0.553047
5 0.855088 0.670429 0.054572 0.546275
8 0.912611 0.687359 0.053835 0.580135
1 0.967183 0.725734 0.046460 0.548533
