22 0.032641 0.291367 0.054154 0.381295
27 0.087166 0.280576 0.045994 0.392086
17 0.151892 0.321043 0.051558 0.408273
27 0.206788 0.323741 0.051558 0.424460
32 0.274852 0.365108 0.066024 0.431655
1 0.334570 0.427158 0.030415 0.469424
8 0.388909 0.414568 0.058234 0.386691
4 0.450297 0.457734 0.057122 0.429856
0 0.504080 0.479317 0.052671 0.440647
20 0.561573 0.508993 0.045994 0.478417
25 0.624444 0.541367 0.050816 0.413669
0 0.683420 0.549460 0.053783 0.397482
6 0.740171 0.596223 0.050816 0.480216
2 0.802671 0.648381 0.054154 0.462230
5 0.862203 0.651079 0.056009 0.446043
8 0.915616 0.651079 0.053042 0.478417
1 0.968472 0.669964 0.043769 0.451439
