22 0.030413 0.257479 0.048585 0.420940
27 0.087223 0.273504 0.049732 0.427350
17 0.148623 0.313034 0.048585 0.485043
27 0.207536 0.335470 0.053940 0.465812
32 0.271806 0.363248 0.058531 0.482906
1 0.331867 0.392094 0.032517 0.450855
8 0.387720 0.410256 0.058531 0.440171
4 0.446251 0.466880 0.047054 0.514957
0 0.506503 0.508547 0.052793 0.508547
20 0.561591 0.514957 0.052793 0.585470
25 0.619549 0.542735 0.049350 0.517094
0 0.683627 0.571581 0.054323 0.433761
6 0.739862 0.602564 0.047437 0.559829
2 0.798967 0.630342 0.050880 0.452991
5 0.853673 0.625000 0.056236 0.553419
8 0.914116 0.641026 0.053940 0.521368
1 0.965953 0.680556 0.038256 0.591880
