22 0.031459 0.240891 0.044304 0.380567
27 0.083954 0.271255 0.049516 0.441296
17 0.147617 0.298583 0.053239 0.447368
27 0.203462 0.298583 0.047282 0.435223
32 0.265078 0.316802 0.055101 0.386640
1 0.321854 0.384615 0.042815 0.485830
8 0.379561 0.408907 0.051750 0.461538
4 0.436523 0.449393 0.048771 0.453441
0 0.493485 0.464575 0.056217 0.435223
20 0.552681 0.485830 0.048771 0.489879
25 0.610759 0.510121 0.056217 0.465587
0 0.675726 0.565789 0.055101 0.467611
6 0.737156 0.577935 0.056590 0.516194
2 0.794118 0.614372 0.048399 0.540486
5 0.851638 0.620445 0.066642 0.528340
8 0.915302 0.644737 0.051750 0.601215
1 0.975800 0.691296 0.039464 0.544534
