22 0.040398 0.324197 0.047726 0.372401
27 0.091507 0.341210 0.052236 0.383743
17 0.146374 0.341210 0.052236 0.417769
27 0.200864 0.413043 0.049981 0.470699
32 0.265314 0.384688 0.055618 0.402647
1 0.319241 0.407372 0.029688 0.448015
8 0.379181 0.470699 0.064637 0.468809
4 0.439496 0.499055 0.049230 0.502836
0 0.497557 0.507561 0.046599 0.451796
20 0.553363 0.516068 0.055994 0.480151
25 0.613115 0.542533 0.054491 0.465028
0 0.674558 0.579395 0.061631 0.436673
6 0.732807 0.599244 0.061631 0.487713
2 0.795941 0.651229 0.057873 0.474480
5 0.855693 0.659735 0.057121 0.480151
8 0.911499 0.668242 0.056746 0.508507
1 0.966742 0.690926 0.049230 0.497164
