22 0.039309 0.285992 0.049229 0.435798
27 0.091661 0.294747 0.044453 0.441634
17 0.151176 0.338521 0.059148 0.412451
27 0.212528 0.359922 0.054739 0.455253
32 0.270940 0.374514 0.051065 0.426070
1 0.324761 0.444553 0.032329 0.507782
8 0.389420 0.430934 0.049963 0.418288
4 0.443975 0.480545 0.050331 0.424125
0 0.502939 0.527237 0.054372 0.470817
20 0.560434 0.569066 0.046657 0.472763
25 0.615540 0.566148 0.059148 0.501946
0 0.680015 0.619650 0.054372 0.406615
6 0.741183 0.645914 0.056943 0.447471
2 0.800331 0.669261 0.052535 0.435798
5 0.857090 0.692607 0.058780 0.505837
8 0.916238 0.737354 0.055107 0.525292
1 0.972263 0.722763 0.046657 0.542802
