22 0.034034 0.279762 0.057361 0.448413
27 0.092543 0.300595 0.055067 0.478175
17 0.162524 0.320437 0.061950 0.450397
27 0.221606 0.350198 0.056214 0.450397
32 0.284321 0.378968 0.051625 0.448413
3 0.341683 0.414683 0.053920 0.460317
8 0.399044 0.440476 0.058509 0.408730
6 0.458126 0.498016 0.050478 0.607143
0 0.517782 0.484127 0.050478 0.460317
20 0.573423 0.531746 0.056214 0.484127
25 0.633078 0.553571 0.047036 0.472222
0 0.688145 0.550595 0.053920 0.501984
4 0.750096 0.626984 0.047036 0.408730
0 0.806883 0.658730 0.057361 0.507937
0 0.864245 0.655754 0.048184 0.466270
6 0.919885 0.700397 0.058509 0.484127
1 0.974570 0.727183 0.043977 0.490079
