22 0.030488 0.272831 0.045240 0.436073
27 0.084382 0.279680 0.049174 0.449772
17 0.147325 0.311644 0.053895 0.449772
27 0.203973 0.355023 0.048387 0.481735
32 0.268293 0.353881 0.052714 0.456621
3 0.324941 0.402968 0.042486 0.463470
8 0.381786 0.426941 0.048387 0.442922
6 0.437254 0.445205 0.053895 0.456621
0 0.498623 0.485160 0.043666 0.495434
20 0.554878 0.505708 0.043666 0.495434
25 0.614280 0.498858 0.059402 0.522831
0 0.675649 0.523973 0.051534 0.417808
4 0.734658 0.546804 0.046027 0.463470
0 0.792486 0.611872 0.053895 0.502283
0 0.855429 0.638128 0.058615 0.527397
6 0.913454 0.635845 0.052714 0.509132
1 0.971086 0.671233 0.038159 0.543379
