22 0.030763 0.289352 0.049065 0.495370
27 0.084696 0.306713 0.056464 0.474537
17 0.148170 0.349537 0.045561 0.481481
27 0.205413 0.369213 0.051012 0.442130
32 0.264992 0.402778 0.045561 0.481481
3 0.323988 0.435185 0.049844 0.481481
8 0.380062 0.418981 0.049065 0.476852
6 0.437500 0.475694 0.050234 0.483796
0 0.495717 0.515046 0.046729 0.469907
20 0.549065 0.527778 0.046729 0.574074
25 0.606114 0.561343 0.055685 0.442130
0 0.670561 0.564815 0.059969 0.435185
4 0.731698 0.581019 0.046729 0.560185
0 0.792251 0.634259 0.047897 0.430556
0 0.850078 0.650463 0.054517 0.490741
6 0.909268 0.686343 0.052181 0.562500
1 0.964174 0.677083 0.049065 0.451389
